1.000000 0.100000 5.000000 0.000000 0.000000 0.000000 0.000000 0.000000 0.000000 1.000000 100.000000 2.500000
2.091217 0.140393 5.000000 0.000000 0.000000 0.000000 0.000000 0.000000 0.000000 1.000000 100.000000 2.500000
3.536546 0.098885 5.000000 0.000000 0.000000 0.000000 0.000000 0.000000 0.000000 1.000000 100.000000 2.500000
4.948826 0.064857 5.000000 0.000000 0.000000 0.000000 0.000000 0.000000 0.000000 1.000000 100.000000 2.500000
6.366610 0.105688 5.000000 0.000000 0.000000 0.000000 0.000000 0.000000 0.000000 1.000000 100.000000 2.500000
7.887308 0.103032 5.000000 0.000000 0.000000 0.000000 0.000000 0.000000 0.000000 1.000000 100.000000 2.500000
9.070745 0.116183 5.000000 0.000000 0.000000 0.000000 0.000000 0.000000 0.000000 1.000000 100.000000 2.500000
10.518296 0.085165 5.000000 0.000000 0.000000 0.000000 0.000000 0.000000 0.000000 1.000000 100.000000 2.500000
11.961026 0.088441 5.000000 0.000000 0.000000 0.000000 0.000000 0.000000 0.000000 1.000000 100.000000 2.500000
13.131026 0.084309 5.000000 0.000000 0.000000 0.000000 0.000000 0.000000 0.000000 1.000000 100.000000 2.500000
14.618632 0.079853 5.000000 0.000000 0.000000 0.000000 0.000000 0.000000 0.000000 1.000000 100.000000 2.500000
15.743148 0.095767 5.000000 0.000000 0.000000 0.000000 0.000000 0.000000 0.000000 1.000000 100.000000 2.500000
16.898885 0.100474 5.000000 0.000000 0.000000 0.000000 0.000000 0.000000 0.000000 1.000000 100.000000 2.500000
18.344790 0.110473 5.000000 0.000000 0.000000 0.000000 0.000000 0.000000 0.000000 1.000000 100.000000 2.500000
1.816186 1.614650 5.000000 0.525289 0.078310 0.000000 0.000000 0.000000 -1.100535 0.500000 1.000000 0.500000
2.845573 1.441050 5.000000 0.051114 -0.146557 0.000000 0.000000 0.000000 0.460784 0.500000 1.000000 0.500000
4.374966 1.493979 5.000000 0.269933 0.144055 0.000000 0.000000 0.000000 -0.636452 0.500000 1.000000 0.500000
5.424047 1.499380 5.000000 0.662818 0.060526 0.000000 0.000000 0.000000 -1.161592 0.500000 1.000000 0.500000
6.555841 1.592961 5.000000 1.089696 -0.260596 0.000000 0.000000 0.000000 -2.146937 0.500000 1.000000 0.500000
7.555733 1.564242 5.000000 1.191191 -0.047874 0.000000 0.000000 0.000000 -1.903775 0.500000 1.000000 0.500000
8.601927 1.549612 5.000000 0.681113 0.050481 0.000000 0.000000 0.000000 -1.724503 0.500000 1.000000 0.500000
9.679535 1.487112 5.000000 0.657860 -0.281073 0.000000 0.000000 0.000000 0.405362 0.500000 1.000000 0.500000
10.702782 1.575464 5.000000 0.568395 0.013029 0.000000 0.000000 0.000000 -1.903540 0.500000 1.000000 0.500000
11.704669 1.566459 5.000000 0.556232 0.077148 0.000000 0.000000 0.000000 -1.795728 0.500000 1.000000 0.500000
12.734043 1.532777 5.000000 0.364254 0.067220 0.000000 0.000000 0.000000 -1.005376 0.500000 1.000000 0.500000
13.761782 1.450415 5.000000 0.331946 -0.167577 0.000000 0.000000 0.000000 -0.393812 0.500000 1.000000 0.500000
14.767497 1.575765 5.000000 0.378319 -0.038811 0.000000 0.000000 0.000000 -0.324436 0.500000 1.000000 0.500000
15.783992 1.598317 5.000000 0.469972 0.175392 0.000000 0.000000 0.000000 -0.920040 0.500000 1.000000 0.500000
16.808029 1.599119 5.000000 0.510873 0.000864 0.000000 0.000000 0.000000 -1.117353 0.500000 1.000000 0.500000
17.806931 1.510718 5.000000 0.441293 0.177457 0.000000 0.000000 0.000000 -0.500477 0.500000 1.000000 0.500000
18.882304 1.510855 5.000000 0.428765 -0.193366 0.000000 0.000000 0.000000 -1.015661 0.500000 1.000000 0.500000
19.835277 1.814651 5.000000 0.398851 -0.087700 0.000000 0.000000 0.000000 1.144316 0.500000 1.000000 0.500000
19.675539 0.806128 5.000000 0.049479 -0.073264 0.000000 0.000000 0.000000 0.037366 0.500000 1.000000 0.500000
3.223617 2.378845 5.000000 0.547103 -0.242204 0.000000 0.000000 0.000000 -1.523268 0.500000 1.000000 0.500000
4.946440 2.380118 5.000000 1.123768 0.418878 0.000000 0.000000 0.000000 -1.024537 0.500000 1.000000 0.500000
6.053255 2.456813 5.000000 1.392623 0.242443 0.000000 0.000000 0.000000 0.235583 0.500000 1.000000 0.500000
7.131614 2.468754 5.000000 1.230508 0.148584 0.000000 0.000000 0.000000 1.250286 0.500000 1.000000 0.500000
8.129757 2.430326 5.000000 1.258224 0.998943 0.000000 0.000000 0.000000 0.258677 0.500000 1.000000 0.500000
9.160522 2.388526 5.000000 1.038919 -0.266222 0.000000 0.000000 0.000000 0.427280 0.500000 1.000000 0.500000
10.161303 2.416430 5.000000 1.617927 0.523739 0.000000 0.000000 0.000000 1.123767 0.500000 1.000000 0.500000
11.173782 2.458821 5.000000 1.745266 -0.466813 0.000000 0.000000 0.000000 -0.305067 0.500000 1.000000 0.500000
12.197374 2.436513 5.000000 1.033896 -0.429537 0.000000 0.000000 0.000000 0.508794 0.500000 1.000000 0.500000
13.198178 2.419974 5.000000 1.391537 -0.102549 0.000000 0.000000 0.000000 -0.977491 0.500000 1.000000 0.500000
14.199562 2.415319 5.000000 1.199819 -0.132939 0.000000 0.000000 0.000000 -1.366411 0.500000 1.000000 0.500000
15.274524 2.470859 5.000000 -0.022747 -0.512010 0.000000 0.000000 0.000000 -0.295506 0.500000 1.000000 0.500000
16.296280 2.458379 5.000000 0.397639 -0.029468 0.000000 0.000000 0.000000 1.692953 0.500000 1.000000 0.500000
17.511680 2.471738 5.000000 0.529142 0.016409 0.000000 0.000000 0.000000 -0.242679 0.500000 1.000000 0.500000
18.517561 2.442286 5.000000 0.739783 -0.037817 0.000000 0.000000 0.000000 0.610661 0.500000 1.000000 0.500000
19.519016 2.790723 5.000000 0.907910 -0.087823 0.000000 0.000000 0.000000 -0.449209 0.500000 1.000000 0.500000
1.126786 2.556982 5.000000 1.309133 -0.109852 0.000000 0.000000 0.000000 0.266808 0.500000 1.000000 0.500000
0.813383 1.607153 5.000000 0.484936 0.201965 0.000000 0.000000 0.000000 -0.564045 0.500000 1.000000 0.500000
2.127714 2.564539 5.000000 1.412805 -0.196411 0.000000 0.000000 0.000000 -0.554618 0.500000 1.000000 0.500000
4.647567 3.340004 5.000000 1.313765 -0.379777 0.000000 0.000000 0.000000 0.900132 0.500000 1.000000 0.500000
5.646917 3.369583 5.000000 1.333747 0.006394 0.000000 0.000000 0.000000 -0.550052 0.500000 1.000000 0.500000
6.646214 3.341586 5.000000 1.351821 0.165247 0.000000 0.000000 0.000000 0.166660 0.500000 1.000000 0.500000
7.663805 3.314102 5.000000 1.195374 0.519102 0.000000 0.000000 0.000000 -0.295713 0.500000 1.000000 0.500000
8.682770 3.281639 5.000000 1.540020 -0.358402 0.000000 0.000000 0.000000 -0.162982 0.500000 1.000000 0.500000
9.687335 3.297965 5.000000 1.643790 -0.534842 0.000000 0.000000 0.000000 0.016430 0.500000 1.000000 0.500000
10.689609 3.333905 5.000000 1.531620 -0.381840 0.000000 0.000000 0.000000 0.447752 0.500000 1.000000 0.500000
11.689499 3.320104 5.000000 1.658711 -0.352387 0.000000 0.000000 0.000000 -0.143286 0.500000 1.000000 0.500000
12.705761 3.297064 5.000000 1.510908 -0.059629 0.000000 0.000000 0.000000 0.155609 0.500000 1.000000 0.500000
13.706323 3.283791 5.000000 0.909828 0.251999 0.000000 0.000000 0.000000 -0.398672 0.500000 1.000000 0.500000
14.726026 3.313022 5.000000 1.618125 -0.172023 0.000000 0.000000 0.000000 0.386758 0.500000 1.000000 0.500000
16.012788 3.417123 5.000000 0.483384 0.018233 0.000000 0.000000 0.000000 -1.960727 0.500000 1.000000 0.500000
17.025349 3.345869 5.000000 0.439994 0.075415 0.000000 0.000000 0.000000 -0.122873 0.500000 1.000000 0.500000
18.105584 3.354179 5.000000 0.563930 -0.127881 0.000000 0.000000 0.000000 -1.360837 0.500000 1.000000 0.500000
19.152591 3.776891 5.000000 0.891047 0.062267 0.000000 0.000000 0.000000 -0.375357 0.500000 1.000000 0.500000
0.612109 3.414854 5.000000 1.165557 -0.335617 0.000000 0.000000 0.000000 0.793285 0.500000 1.000000 0.500000
1.630321 3.431790 5.000000 1.305758 -0.292115 0.000000 0.000000 0.000000 1.084927 0.500000 1.000000 0.500000
2.651150 3.416321 5.000000 1.410299 -0.118049 0.000000 0.000000 0.000000 0.637208 0.500000 1.000000 0.500000
3.647924 3.339276 5.000000 1.454236 -0.318888 0.000000 0.000000 0.000000 -1.058206 0.500000 1.000000 0.500000
5.170190 4.247348 5.000000 1.272459 0.056921 0.000000 0.000000 0.000000 -0.526687 0.500000 1.000000 0.500000
6.174989 4.223246 5.000000 1.659791 -0.015808 0.000000 0.000000 0.000000 -0.178850 0.500000 1.000000 0.500000
7.187298 4.195961 5.000000 1.160041 1.046385 0.000000 0.000000 0.000000 -0.602013 0.500000 1.000000 0.500000
8.189452 4.168130 5.000000 1.502035 0.417246 0.000000 0.000000 0.000000 -1.284942 0.500000 1.000000 0.500000
9.189216 4.212098 5.000000 1.695362 -0.343367 0.000000 0.000000 0.000000 -0.427972 0.500000 1.000000 0.500000
10.189242 4.213031 5.000000 1.716174 -0.494284 0.000000 0.000000 0.000000 0.125019 0.500000 1.000000 0.500000
11.189797 4.202001 5.000000 1.548650 -0.413239 0.000000 0.000000 0.000000 0.179379 0.500000 1.000000 0.500000
12.189667 4.186577 5.000000 1.624595 -0.412836 0.000000 0.000000 0.000000 -0.177927 0.500000 1.000000 0.500000
13.189890 4.172017 5.000000 1.443988 -0.570514 0.000000 0.000000 0.000000 -0.071830 0.500000 1.000000 0.500000
14.190112 4.157653 5.000000 1.609533 -0.021615 0.000000 0.000000 0.000000 -0.893431 0.500000 1.000000 0.500000
15.171214 4.352053 5.000000 1.496365 -0.231540 0.000000 0.000000 0.000000 0.503523 0.500000 1.000000 0.500000
16.170524 4.405469 5.000000 1.518360 -0.197202 0.000000 0.000000 0.000000 0.121689 0.500000 1.000000 0.500000
17.170772 4.337938 5.000000 1.580601 -0.154445 0.000000 0.000000 0.000000 0.083463 0.500000 1.000000 0.500000
18.171061 4.352172 5.000000 1.559809 -0.206141 0.000000 0.000000 0.000000 0.008741 0.500000 1.000000 0.500000
0.090363 4.268448 5.000000 1.161924 -0.138687 0.000000 0.000000 0.000000 -0.806869 0.500000 1.000000 0.500000
1.108792 4.284806 5.000000 1.191269 -0.263339 0.000000 0.000000 0.000000 -0.594613 0.500000 1.000000 0.500000
2.155219 4.284528 5.000000 1.310960 -0.140998 0.000000 0.000000 0.000000 -0.383644 0.500000 1.000000 0.500000
3.166530 4.273149 5.000000 1.394823 -0.173812 0.000000 0.000000 0.000000 -0.470323 0.500000 1.000000 0.500000
4.167099 4.223685 5.000000 1.502856 -0.218325 0.000000 0.000000 0.000000 0.420357 0.500000 1.000000 0.500000
4.684793 5.119968 5.000000 1.508225 0.219547 0.000000 0.000000 0.000000 0.190736 0.500000 1.000000 0.500000
5.694349 5.099521 5.000000 1.543116 0.145604 0.000000 0.000000 0.000000 0.001834 0.500000 1.000000 0.500000
6.700987 5.076495 5.000000 1.448528 -0.011170 0.000000 0.000000 0.000000 -0.474689 0.500000 1.000000 0.500000
7.701947 5.070920 5.000000 1.462364 -0.366136 0.000000 0.000000 0.000000 -0.230685 0.500000 1.000000 0.500000
8.702063 5.085432 5.000000 1.474480 -0.408190 0.000000 0.000000 0.000000 0.136646 0.500000 1.000000 0.500000
9.702357 5.088571 5.000000 1.528049 -0.500130 0.000000 0.000000 0.000000 -0.125555 0.500000 1.000000 0.500000
10.702184 5.075042 5.000000 1.509847 -0.433132 0.000000 0.000000 0.000000 0.090638 0.500000 1.000000 0.500000
11.702740 5.060782 5.000000 1.509552 -0.501229 0.000000 0.000000 0.000000 0.004987 0.500000 1.000000 0.500000
12.702553 5.045191 5.000000 1.504496 -0.498698 0.000000 0.000000 0.000000 -0.103469 0.500000 1.000000 0.500000
13.702806 5.032413 5.000000 1.517634 -0.488528 0.000000 0.000000 0.000000 -0.156032 0.500000 1.000000 0.500000
15.681680 5.280836 5.000000 1.503324 -0.203636 0.000000 0.000000 0.000000 0.010760 0.500000 1.000000 0.500000
16.681515 5.265448 5.000000 1.540784 -0.163700 0.000000 0.000000 0.000000 0.062310 0.500000 1.000000 0.500000
17.681156 5.242627 5.000000 1.513690 -0.137339 0.000000 0.000000 0.000000 -0.035697 0.500000 1.000000 0.500000
18.680698 5.212637 5.000000 1.506311 -0.155469 0.000000 0.000000 0.000000 -0.028625 0.500000 1.000000 0.500000
19.680959 5.207080 5.000000 1.514414 -0.143068 0.000000 0.000000 0.000000 -0.095194 0.500000 1.000000 0.500000
0.680734 5.188155 5.000000 1.459105 -0.094630 0.000000 0.000000 0.000000 -0.047929 0.500000 1.000000 0.500000
1.681163 5.166932 5.000000 1.581991 -0.205675 0.000000 0.000000 0.000000 0.092442 0.500000 1.000000 0.500000
2.681333 5.147392 5.000000 1.518266 -0.135936 0.000000 0.000000 0.000000 0.267118 0.500000 1.000000 0.500000
3.684873 5.128165 5.000000 1.494874 -0.134241 0.000000 0.000000 0.000000 0.348389 0.500000 1.000000 0.500000
5.207910 5.972778 5.000000 1.496090 0.016215 0.000000 0.000000 0.000000 0.158456 0.500000 1.000000 0.500000
6.218390 5.958414 5.000000 1.501414 -0.150494 0.000000 0.000000 0.000000 0.228180 0.500000 1.000000 0.500000
7.218646 5.951727 5.000000 1.527410 -0.104272 0.000000 0.000000 0.000000 -0.709072 0.500000 1.000000 0.500000
8.218701 5.962859 5.000000 1.511924 -0.431660 0.000000 0.000000 0.000000 0.150130 0.500000 1.000000 0.500000
9.218588 5.963693 5.000000 1.629006 -0.382378 0.000000 0.000000 0.000000 -0.117577 0.500000 1.000000 0.500000
10.218255 5.949996 5.000000 1.671803 -0.450981 0.000000 0.000000 0.000000 0.003196 0.500000 1.000000 0.500000
11.218110 5.935587 5.000000 1.589063 -0.502828 0.000000 0.000000 0.000000 -0.068411 0.500000 1.000000 0.500000
12.217984 5.919874 5.000000 1.556099 -0.487877 0.000000 0.000000 0.000000 -0.016212 0.500000 1.000000 0.500000
13.217887 5.906851 5.000000 1.503650 -0.397165 0.000000 0.000000 0.000000 -0.023870 0.500000 1.000000 0.500000
14.682926 5.231059 5.000000 1.472116 -0.286222 0.000000 0.000000 0.000000 0.308563 0.500000 1.000000 0.500000
16.196666 6.140031 5.000000 1.454085 -0.166073 0.000000 0.000000 0.000000 -0.007856 0.500000 1.000000 0.500000
17.196578 6.123951 5.000000 1.514355 -0.119852 0.000000 0.000000 0.000000 -0.073582 0.500000 1.000000 0.500000
18.196232 6.101688 5.000000 1.533714 -0.127392 0.000000 0.000000 0.000000 0.071451 0.500000 1.000000 0.500000
19.195997 6.082211 5.000000 1.520128 -0.103741 0.000000 0.000000 0.000000 -0.028405 0.500000 1.000000 0.500000
0.195960 6.064225 5.000000 1.517165 -0.159517 0.000000 0.000000 0.000000 0.066391 0.500000 1.000000 0.500000
1.199123 6.043243 5.000000 1.490597 -0.175622 0.000000 0.000000 0.000000 0.181374 0.500000 1.000000 0.500000
2.198761 6.023270 5.000000 1.483671 -0.112671 0.000000 0.000000 0.000000 -0.117722 0.500000 1.000000 0.500000
3.199151 6.002878 5.000000 1.517132 -0.125626 0.000000 0.000000 0.000000 -0.323103 0.500000 1.000000 0.500000
4.202083 5.994404 5.000000 1.313032 -0.000754 0.000000 0.000000 0.000000 -0.437680 0.500000 1.000000 0.500000
4.725814 6.848302 5.000000 1.444677 0.098125 0.000000 0.000000 0.000000 -0.303402 0.500000 1.000000 0.500000
5.731318 6.832358 5.000000 1.584623 -0.124964 0.000000 0.000000 0.000000 -0.412314 0.500000 1.000000 0.500000
6.732259 6.831410 5.000000 1.560153 -0.347253 0.000000 0.000000 0.000000 -0.278160 0.500000 1.000000 0.500000
7.732311 6.841942 5.000000 1.573738 -0.433351 0.000000 0.000000 0.000000 0.038914 0.500000 1.000000 0.500000
8.732276 6.837721 5.000000 1.578236 -0.414523 0.000000 0.000000 0.000000 -0.000963 0.500000 1.000000 0.500000
9.732224 6.824175 5.000000 1.581361 -0.412022 0.000000 0.000000 0.000000 0.011887 0.500000 1.000000 0.500000
10.732286 6.809664 5.000000 1.640010 -0.431197 0.000000 0.000000 0.000000 -0.096817 0.500000 1.000000 0.500000
11.732339 6.794214 5.000000 1.551752 -0.494268 0.000000 0.000000 0.000000 -0.017028 0.500000 1.000000 0.500000
12.732252 6.780937 5.000000 1.562520 -0.469167 0.000000 0.000000 0.000000 0.060319 0.500000 1.000000 0.500000
14.197822 6.106667 5.000000 1.517581 -0.284167 0.000000 0.000000 0.000000 0.316344 0.500000 1.000000 0.500000
15.196668 6.155388 5.000000 1.510395 -0.159645 0.000000 0.000000 0.000000 0.048642 0.500000 1.000000 0.500000
16.710411 7.000596 5.000000 1.449549 -0.136079 0.000000 0.000000 0.000000 0.061299 0.500000 1.000000 0.500000
17.710188 6.982032 5.000000 1.466216 -0.113014 0.000000 0.000000 0.000000 -0.011596 0.500000 1.000000 0.500000
18.709881 6.959651 5.000000 1.494178 -0.130228 0.000000 0.000000 0.000000 -0.063701 0.500000 1.000000 0.500000
19.711499 6.939536 5.000000 1.544665 -0.112860 0.000000 0.000000 0.000000 0.082338 0.500000 1.000000 0.500000
0.715452 6.918598 5.000000 1.517057 -0.155196 0.000000 0.000000 0.000000 -0.036906 0.500000 1.000000 0.500000
1.715993 6.899449 5.000000 1.467248 -0.135835 0.000000 0.000000 0.000000 0.122543 0.500000 1.000000 0.500000
2.716740 6.880762 5.000000 1.541096 -0.029896 0.000000 0.000000 0.000000 0.179188 0.500000 1.000000 0.500000
3.716557 6.867579 5.000000 1.496792 -0.001506 0.000000 0.000000 0.000000 -0.049381 0.500000 1.000000 0.500000
4.239701 7.721392 5.000000 1.428141 0.086837 0.000000 0.000000 0.000000 0.130518 0.500000 1.000000 0.500000
5.245698 7.707482 5.000000 1.608882 -0.126827 0.000000 0.000000 0.000000 0.197998 0.500000 1.000000 0.500000
6.245585 7.719820 5.000000 1.629375 -0.226434 0.000000 0.000000 0.000000 -0.583401 0.500000 1.000000 0.500000
7.245507 7.717154 5.000000 1.648862 -0.453028 0.000000 0.000000 0.000000 0.109333 0.500000 1.000000 0.500000
8.245417 7.711864 5.000000 1.598461 -0.382367 0.000000 0.000000 0.000000 0.025507 0.500000 1.000000 0.500000
9.245300 7.697573 5.000000 1.590732 -0.408420 0.000000 0.000000 0.000000 -0.077829 0.500000 1.000000 0.500000
10.245165 7.683054 5.000000 1.603259 -0.446260 0.000000 0.000000 0.000000 0.053776 0.500000 1.000000 0.500000
11.245121 7.668257 5.000000 1.594804 -0.426828 0.000000 0.000000 0.000000 0.021965 0.500000 1.000000 0.500000
12.245000 7.654187 5.000000 1.606369 -0.443024 0.000000 0.000000 0.000000 -0.056358 0.500000 1.000000 0.500000
13.711876 6.981360 5.000000 1.537181 -0.299028 0.000000 0.000000 0.000000 0.333298 0.500000 1.000000 0.500000
14.710654 7.029309 5.000000 1.502273 -0.167853 0.000000 0.000000 0.000000 -0.015824 0.500000 1.000000 0.500000
15.710503 7.014432 5.000000 1.553096 -0.110613 0.000000 0.000000 0.000000 0.120048 0.500000 1.000000 0.500000
17.226264 7.859216 5.000000 1.405913 -0.149712 0.000000 0.000000 0.000000 -0.063282 0.500000 1.000000 0.500000
18.227719 7.837576 5.000000 1.467897 -0.133516 0.000000 0.000000 0.000000 0.014473 0.500000 1.000000 0.500000
19.227821 7.815304 5.000000 1.477210 -0.117635 0.000000 0.000000 0.000000 0.080745 0.500000 1.000000 0.500000
0.231492 7.793753 5.000000 1.537272 -0.127886 0.000000 0.000000 0.000000 0.000357 0.500000 1.000000 0.500000
1.232507 7.774863 5.000000 1.448415 -0.114229 0.000000 0.000000 0.000000 -0.110407 0.500000 1.000000 0.500000
2.232418 7.755993 5.000000 1.478065 -0.172292 0.000000 0.000000 0.000000 -0.035324 0.500000 1.000000 0.500000
3.232617 7.742130 5.000000 1.499372 -0.007681 0.000000 0.000000 0.000000 -0.053151 0.500000 1.000000 0.500000
4.754425 8.578483 5.000000 1.583187 -0.071783 0.000000 0.000000 0.000000 -0.174525 0.500000 1.000000 0.500000
5.756425 8.593958 5.000000 1.565105 -0.329569 0.000000 0.000000 0.000000 -0.383158 0.500000 1.000000 0.500000
6.756515 8.593617 5.000000 1.562412 -0.469260 0.000000 0.000000 0.000000 0.156572 0.500000 1.000000 0.500000
7.756646 8.584254 5.000000 1.588793 -0.393704 0.000000 0.000000 0.000000 0.004452 0.500000 1.000000 0.500000
8.756645 8.573003 5.000000 1.585050 -0.408076 0.000000 0.000000 0.000000 -0.018817 0.500000 1.000000 0.500000
9.756746 8.557693 5.000000 1.581149 -0.425433 0.000000 0.000000 0.000000 0.020280 0.500000 1.000000 0.500000
10.756758 8.542255 5.000000 1.581913 -0.431578 0.000000 0.000000 0.000000 -0.047640 0.500000 1.000000 0.500000
11.756589 8.527547 5.000000 1.571294 -0.427768 0.000000 0.000000 0.000000 0.070532 0.500000 1.000000 0.500000
13.224563 7.855294 5.000000 1.543414 -0.243773 0.000000 0.000000 0.000000 0.227446 0.500000 1.000000 0.500000
14.223687 7.902585 5.000000 1.531617 -0.160619 0.000000 0.000000 0.000000 -0.013431 0.500000 1.000000 0.500000
15.225778 7.889492 5.000000 1.514355 -0.137977 0.000000 0.000000 0.000000 -0.188325 0.500000 1.000000 0.500000
16.226505 7.875835 5.000000 1.552948 -0.130481 0.000000 0.000000 0.000000 0.071683 0.500000 1.000000 0.500000
17.745559 8.713625 5.000000 1.458876 -0.112068 0.000000 0.000000 0.000000 -0.019392 0.500000 1.000000 0.500000
18.746286 8.692559 5.000000 1.449938 -0.162010 0.000000 0.000000 0.000000 -0.030147 0.500000 1.000000 0.500000
19.749487 8.669834 5.000000 1.489181 -0.144256 0.000000 0.000000 0.000000 0.082256 0.500000 1.000000 0.500000
0.749207 8.650317 5.000000 1.418731 -0.181255 0.000000 0.000000 0.000000 -0.140001 0.500000 1.000000 0.500000
1.749101 8.631766 5.000000 1.483102 -0.109855 0.000000 0.000000 0.000000 0.177890 0.500000 1.000000 0.500000
2.749062 8.617088 5.000000 1.508758 -0.039015 0.000000 0.000000 0.000000 -0.008713 0.500000 1.000000 0.500000
3.754265 8.595507 5.000000 1.625170 -0.051849 0.000000 0.000000 0.000000 -0.258935 0.500000 1.000000 0.500000
5.271336 9.468861 5.000000 1.558319 -0.277301 0.000000 0.000000 0.000000 0.157667 0.500000 1.000000 0.500000
6.271990 9.471727 5.000000 1.562750 -0.451014 0.000000 0.000000 0.000000 -0.018918 0.500000 1.000000 0.500000
7.271909 9.458881 5.000000 1.565708 -0.396328 0.000000 0.000000 0.000000 0.037492 0.500000 1.000000 0.500000
8.272488 9.449707 5.000000 1.571709 -0.456096 0.000000 0.000000 0.000000 -0.057568 0.500000 1.000000 0.500000
9.272333 9.435588 5.000000 1.570490 -0.499508 0.000000 0.000000 0.000000 -0.019627 0.500000 1.000000 0.500000
10.272328 9.418463 5.000000 1.593693 -0.459653 0.000000 0.000000 0.000000 0.053836 0.500000 1.000000 0.500000
11.272844 9.402685 5.000000 1.594292 -0.448328 0.000000 0.000000 0.000000 -0.067719 0.500000 1.000000 0.500000
12.735509 8.731309 5.000000 1.556167 -0.292830 0.000000 0.000000 0.000000 0.298668 0.500000 1.000000 0.500000
13.734465 8.774709 5.000000 1.584917 -0.165597 0.000000 0.000000 0.000000 0.006143 0.500000 1.000000 0.500000
14.735954 8.761369 5.000000 1.547531 -0.164195 0.000000 0.000000 0.000000 0.105731 0.500000 1.000000 0.500000
15.744382 8.753738 5.000000 1.520002 -0.114442 0.000000 0.000000 0.000000 0.081684 0.500000 1.000000 0.500000
17.050591 9.432597 5.000000 1.548446 -0.072130 0.000000 0.000000 0.000000 0.018719 0.500000 1.000000 0.500000
18.263425 9.568943 5.000000 1.497838 -0.183341 0.000000 0.000000 0.000000 -0.079124 0.500000 1.000000 0.500000
19.267252 9.546100 5.000000 1.515827 -0.147490 0.000000 0.000000 0.000000 -0.048992 0.500000 1.000000 0.500000
0.267049 9.526386 5.000000 1.514425 -0.134670 0.000000 0.000000 0.000000 -0.080411 0.500000 1.000000 0.500000
1.266926 9.508475 5.000000 1.532942 -0.105787 0.000000 0.000000 0.000000 0.040059 0.500000 1.000000 0.500000
2.266864 9.492540 5.000000 1.545418 -0.008560 0.000000 0.000000 0.000000 -0.020734 0.500000 1.000000 0.500000
3.270250 9.471437 5.000000 1.570273 0.036169 0.000000 0.000000 0.000000 0.173778 0.500000 1.000000 0.500000
4.270860 9.453591 5.000000 1.592396 -0.056896 0.000000 0.000000 0.000000 0.058974 0.500000 1.000000 0.500000
5.788546 10.347497 5.000000 1.586964 -0.424025 0.000000 0.000000 0.000000 0.011763 0.500000 1.000000 0.500000
6.788956 10.335441 5.000000 1.589110 -0.413856 0.000000 0.000000 0.000000 -0.023700 0.500000 1.000000 0.500000
7.789006 10.325207 5.000000 1.589568 -0.426368 0.000000 0.000000 0.000000 0.020451 0.500000 1.000000 0.500000
8.789036 10.311295 5.000000 1.637150 -0.449071 0.000000 0.000000 0.000000 0.018262 0.500000 1.000000 0.500000
9.788906 10.294243 5.000000 1.600203 -0.469100 0.000000 0.000000 0.000000 0.039387 0.500000 1.000000 0.500000
10.788804 10.277685 5.000000 1.606766 -0.447543 0.000000 0.000000 0.000000 0.056426 0.500000 1.000000 0.500000
12.235889 9.689204 5.000000 1.550896 -0.204424 0.000000 0.000000 0.000000 0.490674 0.500000 1.000000 0.500000
13.235069 9.641183 5.000000 1.507423 -0.199092 0.000000 0.000000 0.000000 -0.094091 0.500000 1.000000 0.500000
14.246701 9.633523 5.000000 1.552035 -0.146640 0.000000 0.000000 0.000000 -0.115485 0.500000 1.000000 0.500000
15.246669 9.621092 5.000000 1.505104 -0.127498 0.000000 0.000000 0.000000 0.074935 0.500000 1.000000 0.500000
16.192589 9.946391 5.000000 1.463287 -0.167023 0.000000 0.000000 0.000000 0.220497 0.500000 1.000000 0.500000
17.507753 10.330021 5.000000 1.673947 -0.070099 0.000000 0.000000 0.000000 -0.032892 0.500000 1.000000 0.500000
18.784959 10.422120 5.000000 1.487540 -0.154048 0.000000 0.000000 0.000000 0.108651 0.500000 1.000000 0.500000
19.784711 10.402331 5.000000 1.524594 -0.102330 0.000000 0.000000 0.000000 0.057672 0.500000 1.000000 0.500000
0.784529 10.384422 5.000000 1.518025 -0.095349 0.000000 0.000000 0.000000 0.056993 0.500000 1.000000 0.500000
1.784589 10.367906 5.000000 1.554316 0.063486 0.000000 0.000000 0.000000 0.033286 0.500000 1.000000 0.500000
2.787299 10.347141 5.000000 1.639909 -0.002365 0.000000 0.000000 0.000000 -0.074873 0.500000 1.000000 0.500000
3.789062 10.329604 5.000000 1.608728 -0.122911 0.000000 0.000000 0.000000 -0.091175 0.500000 1.000000 0.500000
4.788591 10.351814 5.000000 1.744517 -0.280468 0.000000 0.000000 0.000000 -0.266385 0.500000 1.000000 0.500000
6.304018 11.211146 5.000000 1.584250 -0.444068 0.000000 0.000000 0.000000 -0.009570 0.500000 1.000000 0.500000
7.303987 11.202240 5.000000 1.591854 -0.445830 0.000000 0.000000 0.000000 -0.022686 0.500000 1.000000 0.500000
8.303870 11.185982 5.000000 1.589913 -0.440161 0.000000 0.000000 0.000000 0.021324 0.500000 1.000000 0.500000
9.303713 11.168658 5.000000 1.588393 -0.474840 0.000000 0.000000 0.000000 -0.056581 0.500000 1.000000 0.500000
10.303661 11.152155 5.000000 1.591730 -0.431442 0.000000 0.000000 0.000000 -0.000441 0.500000 1.000000 0.500000
11.433429 11.042152 5.000000 1.476590 -0.329434 0.000000 0.000000 0.000000 0.307868 0.500000 1.000000 0.500000
12.372196 10.681682 5.000000 1.606655 -0.174533 0.000000 0.000000 0.000000 -0.419891 0.500000 1.000000 0.500000
13.435387 10.621110 5.000000 1.503490 -0.171131 0.000000 0.000000 0.000000 0.060526 0.500000 1.000000 0.500000
14.435346 10.615502 5.000000 1.480838 -0.136699 0.000000 0.000000 0.000000 0.144096 0.500000 1.000000 0.500000
15.435185 10.603056 5.000000 1.452485 -0.116033 0.000000 0.000000 0.000000 -0.028489 0.500000 1.000000 0.500000
16.380070 10.930059 5.000000 1.476094 -0.171241 0.000000 0.000000 0.000000 -0.149784 0.500000 1.000000 0.500000
17.303404 11.313812 5.000000 1.481201 -0.180160 0.000000 0.000000 0.000000 0.200372 0.500000 1.000000 0.500000
18.303119 11.298189 5.000000 1.452000 -0.110179 0.000000 0.000000 0.000000 -0.145869 0.500000 1.000000 0.500000
19.302835 11.278789 5.000000 1.486226 -0.117761 0.000000 0.000000 0.000000 0.415884 0.500000 1.000000 0.500000
0.302451 11.260563 5.000000 1.536180 -0.097218 0.000000 0.000000 0.000000 -0.119704 0.500000 1.000000 0.500000
1.302110 11.243349 5.000000 1.534722 0.080061 0.000000 0.000000 0.000000 0.119706 0.500000 1.000000 0.500000
2.304179 11.222600 5.000000 1.613896 -0.005715 0.000000 0.000000 0.000000 0.099191 0.500000 1.000000 0.500000
3.304234 11.203996 5.000000 1.649530 -0.063205 0.000000 0.000000 0.000000 0.101802 0.500000 1.000000 0.500000
5.304104 11.222321 5.000000 1.582120 -0.431937 0.000000 0.000000 0.000000 -0.014290 0.500000 1.000000 0.500000
6.814223 12.077620 5.000000 1.552772 -0.445580 0.000000 0.000000 0.000000 -0.071307 0.500000 1.000000 0.500000
7.814218 12.062768 5.000000 1.560322 -0.416342 0.000000 0.000000 0.000000 0.087290 0.500000 1.000000 0.500000
8.814091 12.046326 5.000000 1.561906 -0.433646 0.000000 0.000000 0.000000 -0.114010 0.500000 1.000000 0.500000
9.813937 12.028657 5.000000 1.576589 -0.466077 0.000000 0.000000 0.000000 0.067064 0.500000 1.000000 0.500000
10.946538 11.918173 5.000000 1.510518 -0.349502 0.000000 0.000000 0.000000 0.252883 0.500000 1.000000 0.500000
12.022056 11.850525 5.000000 1.394039 -0.265773 0.000000 0.000000 0.000000 -0.016007 0.500000 1.000000 0.500000
12.958784 11.500194 5.000000 1.393658 -0.175944 0.000000 0.000000 0.000000 0.049990 0.500000 1.000000 0.500000
13.958786 11.494536 5.000000 1.419351 -0.155351 0.000000 0.000000 0.000000 0.025328 0.500000 1.000000 0.500000
14.958692 11.482129 5.000000 1.398480 -0.144832 0.000000 0.000000 0.000000 0.104166 0.500000 1.000000 0.500000
15.898474 11.823811 5.000000 1.404183 -0.150034 0.000000 0.000000 0.000000 -0.096998 0.500000 1.000000 0.500000
16.827667 12.193286 5.000000 1.427207 -0.221009 0.000000 0.000000 0.000000 -0.113076 0.500000 1.000000 0.500000
17.827504 12.177797 5.000000 1.423473 -0.139325 0.000000 0.000000 0.000000 0.190426 0.500000 1.000000 0.500000
18.828020 12.158592 5.000000 1.367660 -0.149236 0.000000 0.000000 0.000000 -0.211610 0.500000 1.000000 0.500000
19.828001 12.141035 5.000000 1.370261 -0.143400 0.000000 0.000000 0.000000 0.170897 0.500000 1.000000 0.500000
0.827935 12.123424 5.000000 1.495247 -0.041515 0.000000 0.000000 0.000000 0.003120 0.500000 1.000000 0.500000
1.829527 12.102611 5.000000 1.486224 0.042776 0.000000 0.000000 0.000000 -0.107214 0.500000 1.000000 0.500000
2.829213 12.084000 5.000000 1.553192 0.113977 0.000000 0.000000 0.000000 0.203669 0.500000 1.000000 0.500000
4.303781 11.228464 5.000000 1.602171 -0.263036 0.000000 0.000000 0.000000 -0.376196 0.500000 1.000000 0.500000
5.814260 12.083221 5.000000 1.550489 -0.449281 0.000000 0.000000 0.000000 0.082039 0.500000 1.000000 0.500000
6.322402 12.951007 5.000000 1.462479 -0.456807 0.000000 0.000000 0.000000 -0.061822 0.500000 1.000000 0.500000
7.324438 12.937631 5.000000 1.493022 -0.456393 0.000000 0.000000 0.000000 -0.032093 0.500000 1.000000 0.500000
8.324386 12.925829 5.000000 1.482930 -0.455057 0.000000 0.000000 0.000000 -0.112214 0.500000 1.000000 0.500000
9.324998 12.906319 5.000000 1.518553 -0.477798 0.000000 0.000000 0.000000 0.032409 0.500000 1.000000 0.500000
10.459967 12.791914 5.000000 1.482294 -0.373631 0.000000 0.000000 0.000000 0.098240 0.500000 1.000000 0.500000
11.537198 12.725140 5.000000 1.353996 -0.231213 0.000000 0.000000 0.000000 -0.093372 0.500000 1.000000 0.500000
13.470483 12.367090 5.000000 1.426664 -0.140815 0.000000 0.000000 0.000000 -0.002598 0.500000 1.000000 0.500000
14.470337 12.354736 5.000000 1.418792 -0.124120 0.000000 0.000000 0.000000 0.028571 0.500000 1.000000 0.500000
15.409977 12.698179 5.000000 1.429361 -0.236858 0.000000 0.000000 0.000000 0.053055 0.500000 1.000000 0.500000
16.339815 13.066132 5.000000 1.431304 -0.188760 0.000000 0.000000 0.000000 -0.052595 0.500000 1.000000 0.500000
17.341610 13.052063 5.000000 1.394077 -0.157515 0.000000 0.000000 0.000000 0.072706 0.500000 1.000000 0.500000
18.344412 13.033660 5.000000 1.326803 -0.128642 0.000000 0.000000 0.000000 -0.004006 0.500000 1.000000 0.500000
19.344172 13.016264 5.000000 1.381672 -0.134746 0.000000 0.000000 0.000000 -0.085875 0.500000 1.000000 0.500000
0.344236 12.998320 5.000000 1.383197 -0.089759 0.000000 0.000000 0.000000 0.068086 0.500000 1.000000 0.500000
1.346732 12.978417 5.000000 1.402017 0.031476 0.000000 0.000000 0.000000 -0.056700 0.500000 1.000000 0.500000
2.347026 12.959922 5.000000 1.249890 0.034921 0.000000 0.000000 0.000000 0.252159 0.500000 1.000000 0.500000
3.820437 12.216580 5.000000 1.551672 -0.399969 0.000000 0.000000 0.000000 -0.450127 0.500000 1.000000 0.500000
4.813877 12.102248 5.000000 1.541426 -0.560386 0.000000 0.000000 0.000000 0.139182 0.500000 1.000000 0.500000
5.320623 12.967632 5.000000 1.444867 -0.453708 0.000000 0.000000 0.000000 0.077126 0.500000 1.000000 0.500000
5.838695 13.827679 5.000000 1.529428 -0.410456 0.000000 0.000000 0.000000 0.102788 0.500000 1.000000 0.500000
6.838650 13.812070 5.000000 1.521456 -0.406898 0.000000 0.000000 0.000000 -0.045630 0.500000 1.000000 0.500000
7.838811 13.800257 5.000000 1.571079 -0.397084 0.000000 0.000000 0.000000 0.087432 0.500000 1.000000 0.500000
8.838977 13.785413 5.000000 1.470318 -0.439879 0.000000 0.000000 0.000000 -0.037921 0.500000 1.000000 0.500000
9.967558 13.672657 5.000000 1.369975 -0.382670 0.000000 0.000000 0.000000 0.223266 0.500000 1.000000 0.500000
11.050751 13.598699 5.000000 1.362104 -0.283973 0.000000 0.000000 0.000000 0.160234 0.500000 1.000000 0.500000
12.537187 12.725817 5.000000 1.369911 -0.231727 0.000000 0.000000 0.000000 0.025059 0.500000 1.000000 0.500000
13.981005 13.226887 5.000000 1.414043 -0.151019 0.000000 0.000000 0.000000 -0.098873 0.500000 1.000000 0.500000
14.920085 13.570451 5.000000 1.472790 -0.252248 0.000000 0.000000 0.000000 -0.128311 0.500000 1.000000 0.500000
15.849956 13.938238 5.000000 1.424005 -0.165467 0.000000 0.000000 0.000000 0.054805 0.500000 1.000000 0.500000
16.851959 13.924972 5.000000 1.465023 -0.187797 0.000000 0.000000 0.000000 -0.005457 0.500000 1.000000 0.500000
17.859212 13.907763 5.000000 1.371269 -0.151599 0.000000 0.000000 0.000000 0.083132 0.500000 1.000000 0.500000
18.859703 13.890976 5.000000 1.203575 -0.113952 0.000000 0.000000 0.000000 0.044174 0.500000 1.000000 0.500000
19.861491 13.873922 5.000000 1.314364 -0.086745 0.000000 0.000000 0.000000 0.060246 0.500000 1.000000 0.500000
0.862671 13.853379 5.000000 1.332814 0.013403 0.000000 0.000000 0.000000 0.225385 0.500000 1.000000 0.500000
1.887637 13.847910 5.000000 1.118327 0.070759 0.000000 0.000000 0.000000 -0.168238 0.500000 1.000000 0.500000
3.164304 13.542814 5.000000 1.541107 -0.416180 0.000000 0.000000 0.000000 -0.276936 0.500000 1.000000 0.500000
4.096609 13.177680 5.000000 1.486314 -0.429746 0.000000 0.000000 0.000000 0.231109 0.500000 1.000000 0.500000
4.838712 13.847971 5.000000 1.519862 -0.435807 0.000000 0.000000 0.000000 -0.117962 0.500000 1.000000 0.500000
6.371315 14.696521 5.000000 1.533635 -0.428650 0.000000 0.000000 0.000000 0.106872 0.500000 1.000000 0.500000
7.371200 14.684530 5.000000 1.514836 -0.384137 0.000000 0.000000 0.000000 -0.030910 0.500000 1.000000 0.500000
8.371220 14.669442 5.000000 1.533439 -0.422457 0.000000 0.000000 0.000000 0.075584 0.500000 1.000000 0.500000
9.488119 14.550434 5.000000 1.389441 -0.370150 0.000000 0.000000 0.000000 -0.094488 0.500000 1.000000 0.500000
10.568838 14.474819 5.000000 1.290581 -0.318052 0.000000 0.000000 0.000000 -0.001207 0.500000 1.000000 0.500000
12.050707 13.599311 5.000000 1.375918 -0.219069 0.000000 0.000000 0.000000 -0.031398 0.500000 1.000000 0.500000
13.050778 13.593805 5.000000 1.373844 -0.317758 0.000000 0.000000 0.000000 0.210724 0.500000 1.000000 0.500000
14.123407 14.216886 5.000000 1.444622 -0.184483 0.000000 0.000000 0.000000 0.040424 0.500000 1.000000 0.500000
15.065526 14.559786 5.000000 1.515775 -0.238026 0.000000 0.000000 0.000000 0.048650 0.500000 1.000000 0.500000
16.362410 14.797007 5.000000 1.468977 -0.199615 0.000000 0.000000 0.000000 -0.128687 0.500000 1.000000 0.500000
17.370780 14.780178 5.000000 1.349666 -0.156841 0.000000 0.000000 0.000000 -0.176366 0.500000 1.000000 0.500000
18.375473 14.765880 5.000000 1.306680 -0.114621 0.000000 0.000000 0.000000 -0.076921 0.500000 1.000000 0.500000
19.375127 14.747764 5.000000 1.302085 0.007948 0.000000 0.000000 0.000000 0.418671 0.500000 1.000000 0.500000
0.380519 14.728720 5.000000 1.284932 0.003703 0.000000 0.000000 0.000000 -0.128586 0.500000 1.000000 0.500000
1.385591 14.712728 5.000000 1.192576 0.040646 0.000000 0.000000 0.000000 0.080766 0.500000 1.000000 0.500000
2.400811 14.707169 5.000000 1.529925 -0.433442 0.000000 0.000000 0.000000 -0.044614 0.500000 1.000000 0.500000
3.387730 14.537137 5.000000 1.471407 -0.479362 0.000000 0.000000 0.000000 -0.047822 0.500000 1.000000 0.500000
4.371778 14.732136 5.000000 1.567090 -0.434992 0.000000 0.000000 0.000000 -0.042086 0.500000 1.000000 0.500000
5.371496 14.713642 5.000000 1.514824 -0.425147 0.000000 0.000000 0.000000 -0.124513 0.500000 1.000000 0.500000
6.898585 15.566578 5.000000 1.498004 -0.414301 0.000000 0.000000 0.000000 0.024286 0.500000 1.000000 0.500000
7.898999 15.551318 5.000000 1.500330 -0.408077 0.000000 0.000000 0.000000 -0.007323 0.500000 1.000000 0.500000
9.017289 15.432696 5.000000 1.414049 -0.339252 0.000000 0.000000 0.000000 0.056429 0.500000 1.000000 0.500000
10.102000 15.359099 5.000000 1.326355 -0.292078 0.000000 0.000000 0.000000 0.013350 0.500000 1.000000 0.500000
11.579382 14.481169 5.000000 1.374128 -0.213370 0.000000 0.000000 0.000000 0.095414 0.500000 1.000000 0.500000
12.579448 14.476107 5.000000 1.362739 -0.277914 0.000000 0.000000 0.000000 -0.194731 0.500000 1.000000 0.500000
13.470112 14.974492 5.000000 1.326926 -0.227419 0.000000 0.000000 0.000000 0.194336 0.500000 1.000000 0.500000
14.416769 15.327022 5.000000 1.432105 -0.317058 0.000000 0.000000 0.000000 0.128617 0.500000 1.000000 0.500000
15.578546 15.418138 5.000000 1.475963 -0.252371 0.000000 0.000000 0.000000 0.261183 0.500000 1.000000 0.500000
16.881912 15.652339 5.000000 1.353073 -0.199043 0.000000 0.000000 0.000000 0.080319 0.500000 1.000000 0.500000
17.887027 15.648247 5.000000 1.464689 -0.257422 0.000000 0.000000 0.000000 -0.064212 0.500000 1.000000 0.500000
18.891270 15.622949 5.000000 1.016661 0.066783 0.000000 0.000000 0.000000 0.342965 0.500000 1.000000 0.500000
19.895144 15.602365 5.000000 1.345831 -0.130625 0.000000 0.000000 0.000000 0.230537 0.500000 1.000000 0.500000
0.896799 15.585629 5.000000 1.464779 -0.089244 0.000000 0.000000 0.000000 -0.004094 0.500000 1.000000 0.500000
1.898551 15.576162 5.000000 1.458078 -0.336627 0.000000 0.000000 0.000000 0.213731 0.500000 1.000000 0.500000
2.899366 15.576813 5.000000 1.481906 -0.537192 0.000000 0.000000 0.000000 0.108365 0.500000 1.000000 0.500000
3.898739 15.612925 5.000000 1.554059 -0.385736 0.000000 0.000000 0.000000 0.035461 0.500000 1.000000 0.500000
4.898656 15.594807 5.000000 1.492057 -0.424892 0.000000 0.000000 0.000000 0.027943 0.500000 1.000000 0.500000
5.898683 15.579140 5.000000 1.484615 -0.412624 0.000000 0.000000 0.000000 -0.037531 0.500000 1.000000 0.500000
8.545791 16.315118 5.000000 1.428963 -0.335481 0.000000 0.000000 0.000000 -0.099141 0.500000 1.000000 0.500000
9.616826 16.233482 5.000000 1.348800 -0.311092 0.000000 0.000000 0.000000 -0.024487 0.500000 1.000000 0.500000
10.651770 16.194346 5.000000 1.285699 -0.279310 0.000000 0.000000 0.000000 0.119924 0.500000 1.000000 0.500000
11.314381 15.445385 5.000000 1.361017 -0.212428 0.000000 0.000000 0.000000 -0.041830 0.500000 1.000000 0.500000
12.386386 15.457257 5.000000 1.301754 -0.296345 0.000000 0.000000 0.000000 0.295046 0.500000 1.000000 0.500000
13.255556 15.951891 5.000000 1.254088 -0.227694 0.000000 0.000000 0.000000 -0.065472 0.500000 1.000000 0.500000
14.190100 16.308070 5.000000 1.322376 -0.261561 0.000000 0.000000 0.000000 -0.091927 0.500000 1.000000 0.500000
15.189776 16.339629 5.000000 1.276282 -0.256504 0.000000 0.000000 0.000000 -0.045509 0.500000 1.000000 0.500000
16.189085 16.373289 5.000000 1.264251 -0.261146 0.000000 0.000000 0.000000 0.131296 0.500000 1.000000 0.500000
17.384820 16.516633 5.000000 1.403613 -0.200350 0.000000 0.000000 0.000000 -0.162128 0.500000 1.000000 0.500000
18.412488 16.514589 5.000000 1.065311 -0.173510 0.000000 0.000000 0.000000 0.156361 0.500000 1.000000 0.500000
19.411650 16.476929 5.000000 1.384406 -0.165138 0.000000 0.000000 0.000000 0.032892 0.500000 1.000000 0.500000
1.387924 16.479059 5.000000 1.580382 -0.541341 0.000000 0.000000 0.000000 0.046852 0.500000 1.000000 0.500000
2.404640 16.446374 5.000000 1.570194 -0.326419 0.000000 0.000000 0.000000 -0.242994 0.500000 1.000000 0.500000
3.418171 16.490403 5.000000 1.485116 -0.384035 0.000000 0.000000 0.000000 0.072749 0.500000 1.000000 0.500000
4.418773 16.472431 5.000000 1.490820 -0.421127 0.000000 0.000000 0.000000 0.017998 0.500000 1.000000 0.500000
5.422980 16.458754 5.000000 1.489549 -0.404099 0.000000 0.000000 0.000000 0.039834 0.500000 1.000000 0.500000
6.424140 16.446906 5.000000 1.494789 -0.404046 0.000000 0.000000 0.000000 -0.053594 0.500000 1.000000 0.500000
7.441334 16.440539 5.000000 1.511260 -0.400234 0.000000 0.000000 0.000000 -0.048297 0.500000 1.000000 0.500000
10.169675 17.070423 5.000000 1.332784 -0.252982 0.000000 0.000000 0.000000 -0.256325 0.500000 1.000000 0.500000
11.180731 17.042944 5.000000 1.310051 -0.281870 0.000000 0.000000 0.000000 -0.209417 0.500000 1.000000 0.500000
11.860518 16.308105 5.000000 1.296174 -0.350064 0.000000 0.000000 0.000000 -0.006448 0.500000 1.000000 0.500000
12.733404 16.805000 5.000000 1.186613 -0.325316 0.000000 0.000000 0.000000 -0.050407 0.500000 1.000000 0.500000
13.668001 17.161082 5.000000 1.246160 -0.257162 0.000000 0.000000 0.000000 -0.094121 0.500000 1.000000 0.500000
14.667345 17.194121 5.000000 1.254842 -0.285684 0.000000 0.000000 0.000000 0.080164 0.500000 1.000000 0.500000
15.666682 17.225890 5.000000 1.265265 -0.271943 0.000000 0.000000 0.000000 -0.060355 0.500000 1.000000 0.500000
16.691689 17.237772 5.000000 1.272383 -0.257178 0.000000 0.000000 0.000000 0.139974 0.500000 1.000000 0.500000
17.889271 17.380091 5.000000 1.613480 -0.282469 0.000000 0.000000 0.000000 -0.201034 0.500000 1.000000 0.500000
19.545957 17.467382 5.000000 1.360287 -0.094229 0.000000 0.000000 0.000000 -0.622162 0.500000 1.000000 0.500000
0.958934 17.392379 5.000000 1.444026 -0.661127 0.000000 0.000000 0.000000 0.178579 0.500000 1.000000 0.500000
1.972553 17.365874 5.000000 1.484748 -0.561081 0.000000 0.000000 0.000000 -0.038259 0.500000 1.000000 0.500000
2.981348 17.390082 5.000000 1.475753 -0.314270 0.000000 0.000000 0.000000 -0.208031 0.500000 1.000000 0.500000
3.981784 17.371897 5.000000 1.520460 -0.407963 0.000000 0.000000 0.000000 -0.078792 0.500000 1.000000 0.500000
4.981852 17.356292 5.000000 1.527929 -0.393927 0.000000 0.000000 0.000000 -0.117366 0.500000 1.000000 0.500000
5.985231 17.345497 5.000000 1.537775 -0.385278 0.000000 0.000000 0.000000 -0.053809 0.500000 1.000000 0.500000
6.988156 17.332000 5.000000 1.559158 -0.374284 0.000000 0.000000 0.000000 -0.061498 0.500000 1.000000 0.500000
8.104722 17.212645 5.000000 1.477649 -0.315055 0.000000 0.000000 0.000000 -0.036469 0.500000 1.000000 0.500000
9.145785 17.115617 5.000000 1.374969 -0.289496 0.000000 0.000000 0.000000 -0.023034 0.500000 1.000000 0.500000
9.712441 17.959764 5.000000 1.363419 -0.224079 0.000000 0.000000 0.000000 0.168146 0.500000 1.000000 0.500000
10.876760 17.995585 5.000000 1.393421 -0.241080 0.000000 0.000000 0.000000 -0.038777 0.500000 1.000000 0.500000
12.050993 17.536114 5.000000 1.264359 -0.234430 0.000000 0.000000 0.000000 -0.006655 0.500000 1.000000 0.500000
13.123854 18.001572 5.000000 1.321659 -0.257159 0.000000 0.000000 0.000000 -0.006859 0.500000 1.000000 0.500000
14.162874 18.057648 5.000000 1.232900 -0.250030 0.000000 0.000000 0.000000 -0.121924 0.500000 1.000000 0.500000
15.162724 18.089600 5.000000 1.246412 -0.260449 0.000000 0.000000 0.000000 -0.138768 0.500000 1.000000 0.500000
16.168825 18.090575 5.000000 1.315671 -0.268169 0.000000 0.000000 0.000000 -0.043554 0.500000 1.000000 0.500000
17.191907 18.103549 5.000000 1.398323 -0.290784 0.000000 0.000000 0.000000 -0.442481 0.500000 1.000000 0.500000
18.684341 17.986566 5.000000 1.675225 -0.362203 0.000000 0.000000 0.000000 0.013206 0.500000 1.000000 0.500000
19.562499 18.466872 5.000000 1.523718 -0.099787 0.000000 0.000000 0.000000 0.434861 0.500000 1.000000 0.500000
0.557740 18.365280 5.000000 1.552939 -0.454254 0.000000 0.000000 0.000000 -0.474403 0.500000 1.000000 0.500000
1.553753 18.275987 5.000000 1.573338 -0.529886 0.000000 0.000000 0.000000 0.289844 0.500000 1.000000 0.500000
2.553725 18.294172 5.000000 1.603767 -0.385301 0.000000 0.000000 0.000000 0.068074 0.500000 1.000000 0.500000
3.553929 18.275804 5.000000 1.571480 -0.370027 0.000000 0.000000 0.000000 -0.045999 0.500000 1.000000 0.500000
4.553826 18.260136 5.000000 1.577453 -0.378825 0.000000 0.000000 0.000000 0.062255 0.500000 1.000000 0.500000
5.553927 18.247768 5.000000 1.591021 -0.404089 0.000000 0.000000 0.000000 0.008795 0.500000 1.000000 0.500000
6.553880 18.232817 5.000000 1.593318 -0.362634 0.000000 0.000000 0.000000 0.043755 0.500000 1.000000 0.500000
7.635899 18.096320 5.000000 1.455607 -0.320231 0.000000 0.000000 0.000000 0.089166 0.500000 1.000000 0.500000
8.713925 18.017563 5.000000 1.391285 -0.285005 0.000000 0.000000 0.000000 -0.019750 0.500000 1.000000 0.500000
10.269759 18.790970 5.000000 1.378386 -0.215420 0.000000 0.000000 0.000000 0.051404 0.500000 1.000000 0.500000
11.746512 18.489420 5.000000 1.437296 -0.297248 0.000000 0.000000 0.000000 0.037083 0.500000 1.000000 0.500000
12.663124 18.889779 5.000000 1.344042 -0.206177 0.000000 0.000000 0.000000 -0.108595 0.500000 1.000000 0.500000
13.663002 18.923582 5.000000 1.364753 -0.296129 0.000000 0.000000 0.000000 0.036274 0.500000 1.000000 0.500000
14.663290 18.955974 5.000000 1.367572 -0.171578 0.000000 0.000000 0.000000 -0.181234 0.500000 1.000000 0.500000
15.664584 18.954444 5.000000 1.392595 -0.304224 0.000000 0.000000 0.000000 -0.154650 0.500000 1.000000 0.500000
16.668770 18.956644 5.000000 1.460982 -0.369717 0.000000 0.000000 0.000000 -0.298886 0.500000 1.000000 0.500000
17.989897 18.706132 5.000000 1.529996 -0.521972 0.000000 0.000000 0.000000 -0.044378 0.500000 1.000000 0.500000
19.101489 19.354252 5.000000 1.500197 -0.160961 0.000000 0.000000 0.000000 -0.110458 0.500000 1.000000 0.500000
0.101558 19.308865 5.000000 1.554533 -0.065115 0.000000 0.000000 0.000000 -0.337269 0.500000 1.000000 0.500000
1.097162 19.215426 5.000000 1.534184 -0.364709 0.000000 0.000000 0.000000 -0.187802 0.500000 1.000000 0.500000
2.096535 19.183530 5.000000 1.523529 -0.364468 0.000000 0.000000 0.000000 0.138354 0.500000 1.000000 0.500000
3.098405 19.166279 5.000000 1.559098 -0.452085 0.000000 0.000000 0.000000 0.141785 0.500000 1.000000 0.500000
4.098989 19.150673 5.000000 1.528531 -0.415019 0.000000 0.000000 0.000000 0.045436 0.500000 1.000000 0.500000
5.099015 19.138446 5.000000 1.538772 -0.399846 0.000000 0.000000 0.000000 0.144874 0.500000 1.000000 0.500000
6.100861 19.124276 5.000000 1.549248 -0.431559 0.000000 0.000000 0.000000 0.057693 0.500000 1.000000 0.500000
7.199829 18.996322 5.000000 1.506898 -0.291737 0.000000 0.000000 0.000000 0.143452 0.500000 1.000000 0.500000
8.236680 18.896312 5.000000 1.403216 -0.279561 0.000000 0.000000 0.000000 0.007109 0.500000 1.000000 0.500000
9.267449 18.855279 5.000000 1.291467 -0.250593 0.000000 0.000000 0.000000 -0.011844 0.500000 1.000000 0.500000
9.825064 19.687152 5.000000 1.364453 -0.253588 0.000000 0.000000 0.000000 0.068409 0.500000 1.000000 0.500000
10.376913 20.520913 5.000000 1.272973 -0.288410 0.000000 0.000000 0.000000 0.108989 0.500000 1.000000 0.100000
11.163831 19.308487 5.000000 1.337526 -0.308591 0.000000 0.000000 0.000000 0.066519 0.500000 1.000000 0.100000
12.167911 19.759196 5.000000 1.408545 -0.229458 0.000000 0.000000 0.000000 0.071682 0.500000 1.000000 0.100000
13.167906 19.792381 5.000000 1.472084 -0.306691 0.000000 0.000000 0.000000 -0.303589 0.500000 1.000000 0.100000
14.167535 19.824331 5.000000 1.392919 -0.125903 0.000000 0.000000 0.000000 0.087504 0.500000 1.000000 0.100000
15.168592 19.822768 5.000000 1.407142 -0.228701 0.000000 0.000000 0.000000 -0.099305 0.500000 1.000000 0.100000
16.168486 19.872521 5.000000 1.490525 -0.489149 0.000000 0.000000 0.000000 0.012577 0.500000 1.000000 0.100000
17.168987 19.822648 5.000000 1.617041 -0.426286 0.000000 0.000000 0.000000 -0.014046 0.500000 1.000000 0.100000
18.160233 19.691858 5.000000 1.368318 -0.437490 0.000000 0.000000 0.000000 0.215782 0.500000 1.000000 0.100000
0.618165 20.164867 5.000000 1.612066 -0.093144 0.000000 0.000000 0.000000 0.206922 0.500000 1.000000 0.100000
1.613948 20.073410 5.000000 1.473487 -0.396672 0.000000 0.000000 0.000000 -0.054845 0.500000 1.000000 0.100000
2.613931 20.040985 5.000000 1.488589 -0.435357 0.000000 0.000000 0.000000 -0.054376 0.500000 1.000000 0.100000
3.614187 20.025376 5.000000 1.498614 -0.444367 0.000000 0.000000 0.000000 -0.005296 0.500000 1.000000 0.100000
4.614969 20.013440 5.000000 1.507436 -0.439228 0.000000 0.000000 0.000000 -0.060626 0.500000 1.000000 0.100000
5.616175 19.999253 5.000000 1.493935 -0.407555 0.000000 0.000000 0.000000 -0.019398 0.500000 1.000000 0.100000
6.261134 20.764780 5.000000 1.411822 -0.333058 0.000000 0.000000 0.000000 0.084053 0.500000 1.000000 0.100000
6.746966 19.889438 5.000000 1.461353 -0.306114 0.000000 0.000000 0.000000 0.005310 0.500000 1.000000 0.100000
7.800338 19.796065 5.000000 1.448334 -0.255459 0.000000 0.000000 0.000000 -0.113503 0.500000 1.000000 0.100000
8.798918 19.738754 5.000000 1.459675 -0.208489 0.000000 0.000000 0.000000 -0.024056 0.500000 1.000000 0.100000
9.863992 21.431023 5.000000 1.419526 -0.169318 0.000000 0.000000 0.000000 -0.019234 0.500000 1.000000 0.100000
11.366856 20.359021 5.000000 1.358395 -0.388186 0.000000 0.000000 0.000000 0.106706 0.500000 1.000000 0.100000
12.664464 20.656427 5.000000 1.483942 -0.214113 0.000000 0.000000 0.000000 0.309355 0.500000 1.000000 0.100000
13.664581 20.691776 5.000000 1.626790 -0.301266 0.000000 0.000000 0.000000 -0.203421 0.500000 1.000000 0.100000
14.689678 20.700548 5.000000 1.321440 -0.320953 0.000000 0.000000 0.000000 -0.181161 0.500000 1.000000 0.100000
15.789792 20.838205 5.000000 1.622642 -0.851093 0.000000 0.000000 0.000000 0.125846 0.500000 1.000000 0.100000
16.785617 20.746829 5.000000 1.440779 -0.461384 0.000000 0.000000 0.000000 0.125339 0.500000 1.000000 0.100000
17.778579 20.616186 5.000000 1.475639 -0.411660 0.000000 0.000000 0.000000 -0.432053 0.500000 1.000000 0.100000
19.411461 20.304796 5.000000 2.115151 -0.328927 0.000000 0.000000 0.000000 -0.651242 0.500000 1.000000 0.100000
0.111441 21.029275 5.000000 1.672437 -0.160326 0.000000 0.000000 0.000000 0.106084 0.500000 1.000000 0.100000
1.173864 20.996060 5.000000 1.722059 -0.183193 0.000000 0.000000 0.000000 -0.427780 0.500000 1.000000 0.100000
2.172111 20.938114 5.000000 1.698807 -0.371761 0.000000 0.000000 0.000000 0.039119 0.500000 1.000000 0.100000
3.171865 20.922209 5.000000 1.690034 -0.348385 0.000000 0.000000 0.000000 0.033000 0.500000 1.000000 0.100000
4.171762 20.909781 5.000000 1.715257 -0.316977 0.000000 0.000000 0.000000 -0.030046 0.500000 1.000000 0.100000
5.171960 20.896196 5.000000 1.691050 -0.378671 0.000000 0.000000 0.000000 0.021936 0.500000 1.000000 0.100000
5.816374 21.662833 5.000000 1.480088 -0.248886 0.000000 0.000000 0.000000 0.007019 0.500000 1.000000 0.100000
7.348639 20.688221 5.000000 1.410360 -0.267733 0.000000 0.000000 0.000000 0.201127 0.500000 1.000000 0.100000
8.349629 20.637827 5.000000 1.439108 -0.218529 0.000000 0.000000 0.000000 0.065909 0.500000 1.000000 0.100000
9.355328 20.569863 5.000000 1.463388 -0.187345 0.000000 0.000000 0.000000 0.028287 0.500000 1.000000 0.100000
11.234699 22.323711 5.000000 1.942612 -0.570677 0.000000 0.000000 0.000000 0.045423 0.500000 1.000000 0.100000
10.863391 21.394696 5.000000 1.251302 -0.216174 0.000000 0.000000 0.000000 -0.374493 0.500000 1.000000 0.100000
11.851231 21.238453 5.000000 1.346239 -0.374058 0.000000 0.000000 0.000000 0.097908 0.500000 1.000000 0.100000
14.122648 21.622185 5.000000 1.890557 -0.682881 0.000000 0.000000 0.000000 -0.035875 0.500000 1.000000 0.100000
15.134551 21.596542 5.000000 1.636942 -0.589383 0.000000 0.000000 0.000000 -0.490394 0.500000 1.000000 0.100000
16.122691 21.833679 5.000000 1.984125 -0.467767 0.000000 0.000000 0.000000 0.423727 0.500000 1.000000 0.100000
17.115930 21.692964 5.000000 1.845878 -0.565936 0.000000 0.000000 0.000000 -0.275537 0.500000 1.000000 0.100000
18.109593 21.559762 5.000000 1.883519 -0.581830 0.000000 0.000000 0.000000 -0.348351 0.500000 1.000000 0.100000
19.061091 21.241294 5.000000 1.899844 -0.405507 0.000000 0.000000 0.000000 0.577386 0.500000 1.000000 0.100000
19.694136 22.023468 5.000000 1.749641 -0.273336 0.000000 0.000000 0.000000 0.040538 0.500000 1.000000 0.100000
0.681698 21.866423 5.000000 1.893051 -0.078776 0.000000 0.000000 0.000000 0.095466 0.500000 1.000000 0.100000
1.812160 21.873251 5.000000 1.514768 -0.393730 0.000000 0.000000 0.000000 -0.208320 0.500000 1.000000 0.100000
2.816413 21.856800 5.000000 1.530806 -0.425684 0.000000 0.000000 0.000000 -0.128142 0.500000 1.000000 0.100000
3.817085 21.846206 5.000000 1.519580 -0.381439 0.000000 0.000000 0.000000 -0.114781 0.500000 1.000000 0.100000
4.818797 21.835451 5.000000 1.537613 -0.348694 0.000000 0.000000 0.000000 -0.127192 0.500000 1.000000 0.100000
6.443656 22.470409 5.000000 1.542725 -0.200934 0.000000 0.000000 0.000000 -0.264197 0.500000 1.000000 0.100000
6.865845 21.563936 5.000000 1.374038 -0.282882 0.000000 0.000000 0.000000 -0.124550 0.500000 1.000000 0.100000
7.866980 21.558584 5.000000 1.393818 -0.189688 0.000000 0.000000 0.000000 0.169136 0.500000 1.000000 0.100000
8.865742 21.499672 5.000000 1.403295 -0.159771 0.000000 0.000000 0.000000 -0.110321 0.500000 1.000000 0.100000
11.861430 23.105627 5.000000 1.970267 -0.647339 0.000000 0.000000 0.000000 0.185117 0.500000 1.000000 0.100000
12.222548 22.166926 5.000000 1.992886 -0.715193 0.000000 0.000000 0.000000 -0.269364 0.500000 1.000000 0.100000
13.106050 21.556199 5.000000 1.792664 -0.209634 0.000000 0.000000 0.000000 -0.727259 0.500000 1.000000 0.100000
14.802622 22.543007 5.000000 1.948670 -0.676469 0.000000 0.000000 0.000000 0.079388 0.500000 1.000000 0.100000
15.775242 22.774343 5.000000 2.003724 -0.648003 0.000000 0.000000 0.000000 0.041245 0.500000 1.000000 0.100000
16.764614 22.629629 5.000000 2.013515 -0.555209 0.000000 0.000000 0.000000 -0.179480 0.500000 1.000000 0.100000
17.756871 22.495333 5.000000 1.938012 -0.498395 0.000000 0.000000 0.000000 0.157618 0.500000 1.000000 0.100000
18.743308 22.333410 5.000000 1.811147 -0.417231 0.000000 0.000000 0.000000 0.376358 0.500000 1.000000 0.100000
19.481302 23.008505 5.000000 1.541835 -0.181975 0.000000 0.000000 0.000000 0.024723 0.500000 1.000000 0.100000
0.467891 22.843292 5.000000 1.558143 -0.151264 0.000000 0.000000 0.000000 0.119166 0.500000 1.000000 0.100000
1.467319 22.813626 5.000000 1.603951 -0.400938 0.000000 0.000000 0.000000 -0.111991 0.500000 1.000000 0.100000
2.466997 22.794075 5.000000 1.588887 -0.410641 0.000000 0.000000 0.000000 0.060919 0.500000 1.000000 0.100000
3.466821 22.782848 5.000000 1.536858 -0.373647 0.000000 0.000000 0.000000 0.061069 0.500000 1.000000 0.100000
4.466819 22.773739 5.000000 1.531028 -0.323166 0.000000 0.000000 0.000000 0.008412 0.500000 1.000000 0.100000
5.454718 22.619064 5.000000 1.536980 -0.255593 0.000000 0.000000 0.000000 0.131296 0.500000 1.000000 0.100000
7.340128 22.953875 5.000000 1.768281 -0.748276 0.000000 0.000000 0.000000 0.011432 0.500000 1.000000 0.100000
8.239691 22.517064 5.000000 2.007574 -0.282749 0.000000 0.000000 0.000000 -0.104976 0.500000 1.000000 0.100000
9.236865 22.433561 5.000000 2.032449 -0.372211 0.000000 0.000000 0.000000 -0.308446 0.500000 1.000000 0.100000
10.234810 22.360223 5.000000 1.969550 -0.413837 0.000000 0.000000 0.000000 -0.414028 0.500000 1.000000 0.100000
12.488693 23.884890 5.000000 1.989658 -0.629865 0.000000 0.000000 0.000000 -0.055101 0.500000 1.000000 0.100000
12.866695 22.931923 5.000000 1.920643 -0.700668 0.000000 0.000000 0.000000 0.223071 0.500000 1.000000 0.100000
13.799664 22.572033 5.000000 1.811686 -0.633270 0.000000 0.000000 0.000000 -0.082119 0.500000 1.000000 0.100000
14.453395 23.482769 5.000000 1.850996 -0.386582 0.000000 0.000000 0.000000 -0.120861 0.500000 1.000000 0.100000
15.423115 23.735154 5.000000 1.940643 -0.737879 0.000000 0.000000 0.000000 0.094867 0.500000 1.000000 0.100000
16.411652 23.572835 5.000000 1.912902 -0.625288 0.000000 0.000000 0.000000 0.125518 0.500000 1.000000 0.100000
17.403199 23.431948 5.000000 1.953563 -0.528048 0.000000 0.000000 0.000000 -0.162558 0.500000 1.000000 0.100000
18.390909 23.269391 5.000000 1.877285 -0.462313 0.000000 0.000000 0.000000 -0.477432 0.500000 1.000000 0.100000
19.130268 23.944860 5.000000 1.635599 -0.197031 0.000000 0.000000 0.000000 -0.016353 0.500000 1.000000 0.100000
0.118702 23.780173 5.000000 1.566634 -0.201330 0.000000 0.000000 0.000000 -0.037164 0.500000 1.000000 0.100000
1.118803 23.751092 5.000000 1.583795 -0.405738 0.000000 0.000000 0.000000 0.002308 0.500000 1.000000 0.100000
2.118668 23.731443 5.000000 1.583967 -0.391115 0.000000 0.000000 0.000000 -0.106397 0.500000 1.000000 0.100000
3.119360 23.721192 5.000000 1.596083 -0.353021 0.000000 0.000000 0.000000 0.094237 0.500000 1.000000 0.100000
4.121245 23.721855 5.000000 1.596208 -0.277821 0.000000 0.000000 0.000000 0.088313 0.500000 1.000000 0.100000
5.110016 23.565399 5.000000 1.599719 -0.203302 0.000000 0.000000 0.000000 -0.048851 0.500000 1.000000 0.100000
6.097683 23.408600 5.000000 1.620439 -0.173579 0.000000 0.000000 0.000000 0.083631 0.500000 1.000000 0.100000
8.870082 23.365920 5.000000 1.979273 -0.361946 0.000000 0.000000 0.000000 0.560463 0.500000 1.000000 0.100000
9.873074 23.297091 5.000000 1.989138 -0.497536 0.000000 0.000000 0.000000 0.103253 0.500000 1.000000 0.100000
10.872782 23.260267 5.000000 2.024106 -0.647325 0.000000 0.000000 0.000000 -0.123957 0.500000 1.000000 0.100000
11.495132 24.043984 5.000000 2.007560 -0.618162 0.000000 0.000000 0.000000 -0.082285 0.500000 1.000000 0.100000
13.479536 23.722114 5.000000 1.886358 -0.620639 0.000000 0.000000 0.000000 -0.057834 0.500000 1.000000 0.100000
14.112864 24.496125 5.000000 1.873828 -0.622818 0.000000 0.000000 0.000000 0.101804 0.500000 1.000000 0.100000
15.089520 24.710727 5.000000 1.837655 -0.523761 0.000000 0.000000 0.000000 -0.066635 0.500000 1.000000 0.100000
16.072588 24.524855 5.000000 1.859279 -0.570075 0.000000 0.000000 0.000000 0.003174 0.500000 1.000000 0.100000
17.060762 24.371843 5.000000 1.760369 -0.546917 0.000000 0.000000 0.000000 -0.040256 0.500000 1.000000 0.100000
18.047404 24.208965 5.000000 1.830556 -0.393137 0.000000 0.000000 0.000000 0.414301 0.500000 1.000000 0.100000
18.785103 24.884022 5.000000 1.700821 -0.152483 0.000000 0.000000 0.000000 0.115664 0.500000 1.000000 0.100000
19.771480 24.717787 5.000000 1.644217 -0.120692 0.000000 0.000000 0.000000 -0.094577 0.500000 1.000000 0.100000
0.771106 24.690385 5.000000 1.633295 -0.338951 0.000000 0.000000 0.000000 -0.110143 0.500000 1.000000 0.100000
1.770938 24.669035 5.000000 1.685923 -0.360697 0.000000 0.000000 0.000000 0.040500 0.500000 1.000000 0.100000
2.771196 24.661965 5.000000 1.704804 -0.313022 0.000000 0.000000 0.000000 0.076609 0.500000 1.000000 0.100000
3.771639 24.658699 5.000000 1.674306 -0.237171 0.000000 0.000000 0.000000 0.062822 0.500000 1.000000 0.100000
4.759624 24.505395 5.000000 1.680276 -0.174765 0.000000 0.000000 0.000000 0.091178 0.500000 1.000000 0.100000
5.746731 24.344917 5.000000 1.645946 -0.171471 0.000000 0.000000 0.000000 -0.144785 0.500000 1.000000 0.100000
6.959551 23.916347 5.000000 1.829175 -0.509205 0.000000 0.000000 0.000000 -0.384866 0.500000 1.000000 0.100000
7.948188 23.754950 5.000000 1.805402 -0.742398 0.000000 0.000000 0.000000 0.071093 0.500000 1.000000 0.100000
9.502009 24.226839 5.000000 2.008974 -0.457585 0.000000 0.000000 0.000000 0.111933 0.500000 1.000000 0.100000
10.503061 24.193981 5.000000 1.995191 -0.576445 0.000000 0.000000 0.000000 0.001747 0.500000 1.000000 0.100000
12.139761 24.822767 5.000000 1.956087 -0.561831 0.000000 0.000000 0.000000 0.070654 0.500000 1.000000 0.100000
13.126650 24.660805 5.000000 1.911428 -0.607196 0.000000 0.000000 0.000000 0.026322 0.500000 1.000000 0.100000
13.763279 25.433181 5.000000 1.942080 -0.581478 0.000000 0.000000 0.000000 -0.029485 0.500000 1.000000 0.100000
15.720637 25.488269 5.000000 1.908481 -0.621639 0.000000 0.000000 0.000000 0.228026 0.500000 1.000000 0.100000
16.705878 25.308373 5.000000 1.937413 -0.579442 0.000000 0.000000 0.000000 -0.045102 0.500000 1.000000 0.100000
17.695315 25.146843 5.000000 1.963612 -0.626250 0.000000 0.000000 0.000000 0.016759 0.500000 1.000000 0.100000
18.435710 25.821116 5.000000 1.644931 -0.220387 0.000000 0.000000 0.000000 0.022486 0.500000 1.000000 0.100000
19.423676 25.655263 5.000000 1.695135 -0.175901 0.000000 0.000000 0.000000 -0.048890 0.500000 1.000000 0.100000
0.424137 25.628291 5.000000 1.668396 -0.285608 0.000000 0.000000 0.000000 -0.009346 0.500000 1.000000 0.100000
1.423884 25.607659 5.000000 1.724682 -0.303116 0.000000 0.000000 0.000000 -0.041665 0.500000 1.000000 0.100000
2.423935 25.600546 5.000000 1.719639 -0.287992 0.000000 0.000000 0.000000 0.090152 0.500000 1.000000 0.100000
3.424570 25.597619 5.000000 1.694808 -0.212469 0.000000 0.000000 0.000000 0.055858 0.500000 1.000000 0.100000
4.412969 25.443771 5.000000 1.692903 -0.149830 0.000000 0.000000 0.000000 -0.038773 0.500000 1.000000 0.100000
5.400496 25.283025 5.000000 1.688816 -0.146628 0.000000 0.000000 0.000000 0.046287 0.500000 1.000000 0.100000
6.580149 24.898583 5.000000 1.858208 -0.465568 0.000000 0.000000 0.000000 -0.257229 0.500000 1.000000 0.100000
7.562930 24.714107 5.000000 1.818578 -0.594322 0.000000 0.000000 0.000000 -0.010212 0.500000 1.000000 0.100000
8.551021 24.553973 5.000000 1.835877 -0.773864 0.000000 0.000000 0.000000 -0.132339 0.500000 1.000000 0.100000
10.162036 25.134604 5.000000 1.948912 -0.586110 0.000000 0.000000 0.000000 0.160799 0.500000 1.000000 0.100000
11.152291 24.984196 5.000000 1.971838 -0.586493 0.000000 0.000000 0.000000 0.052717 0.500000 1.000000 0.100000
12.777261 25.600452 5.000000 1.928503 -0.609904 0.000000 0.000000 0.000000 0.041667 0.500000 1.000000 0.100000
13.415662 26.371922 5.000000 1.975189 -0.635132 0.000000 0.000000 0.000000 -0.013159 0.500000 1.000000 0.100000
14.401480 26.203213 5.000000 2.000613 -0.593516 0.000000 0.000000 0.000000 -0.067913 0.500000 1.000000 0.100000
15.375921 26.430215 5.000000 1.971281 -0.571267 0.000000 0.000000 0.000000 0.162816 0.500000 1.000000 0.100000
16.360703 26.257168 5.000000 1.980046 -0.611582 0.000000 0.000000 0.000000 -0.237924 0.500000 1.000000 0.100000
17.346759 26.086536 5.000000 1.969935 -0.570338 0.000000 0.000000 0.000000 0.374723 0.500000 1.000000 0.100000
18.087919 26.758918 5.000000 1.700539 -0.198320 0.000000 0.000000 0.000000 -0.024028 0.500000 1.000000 0.100000
19.074839 26.592360 5.000000 1.659484 -0.177799 0.000000 0.000000 0.000000 0.112220 0.500000 1.000000 0.100000
0.074557 26.566061 5.000000 1.648039 -0.351406 0.000000 0.000000 0.000000 -0.038205 0.500000 1.000000 0.100000
1.076106 26.547086 5.000000 1.661699 -0.342924 0.000000 0.000000 0.000000 -0.000295 0.500000 1.000000 0.100000
2.076144 26.539627 5.000000 1.658926 -0.286268 0.000000 0.000000 0.000000 -0.052945 0.500000 1.000000 0.100000
3.076669 26.535170 5.000000 1.654149 -0.218942 0.000000 0.000000 0.000000 0.021666 0.500000 1.000000 0.100000
4.064966 26.382581 5.000000 1.673312 -0.151651 0.000000 0.000000 0.000000 0.025823 0.500000 1.000000 0.100000
5.051771 26.220224 5.000000 1.667097 -0.164284 0.000000 0.000000 0.000000 0.009771 0.500000 1.000000 0.100000
6.216290 25.862277 5.000000 1.829453 -0.543677 0.000000 0.000000 0.000000 -0.303025 0.500000 1.000000 0.100000
8.189247 25.494777 5.000000 1.989851 -0.646093 0.000000 0.000000 0.000000 -0.343760 0.500000 1.000000 0.100000
9.181174 25.335489 5.000000 1.885646 -0.845750 0.000000 0.000000 0.000000 0.122851 0.500000 1.000000 0.100000
10.803372 25.922635 5.000000 1.917678 -0.608976 0.000000 0.000000 0.000000 0.086000 0.500000 1.000000 0.100000
11.790159 25.760749 5.000000 1.944106 -0.595330 0.000000 0.000000 0.000000 -0.043791 0.500000 1.000000 0.100000
12.428210 26.537575 5.000000 1.966607 -0.610837 0.000000 0.000000 0.000000 -0.012434 0.500000 1.000000 0.100000
13.069340 27.310414 5.000000 2.007623 -0.572907 0.000000 0.000000 0.000000 -0.045575 0.500000 1.000000 0.100000
14.055365 27.142705 5.000000 2.001792 -0.626811 0.000000 0.000000 0.000000 -0.035467 0.500000 1.000000 0.100000
15.025493 27.386130 5.000000 2.000280 -0.602167 0.000000 0.000000 0.000000 0.116172 0.500000 1.000000 0.100000
16.011379 27.202658 5.000000 1.987429 -0.644850 0.000000 0.000000 0.000000 -0.297592 0.500000 1.000000 0.100000
16.997527 27.028399 5.000000 2.023575 -0.677305 0.000000 0.000000 0.000000 0.364609 0.500000 1.000000 0.100000
17.742517 27.697376 5.000000 1.660251 -0.204253 0.000000 0.000000 0.000000 0.061683 0.500000 1.000000 0.100000
18.729413 27.531454 5.000000 1.659066 -0.180147 0.000000 0.000000 0.000000 -0.113406 0.500000 1.000000 0.100000
19.729293 27.504704 5.000000 1.641560 -0.335977 0.000000 0.000000 0.000000 0.043135 0.500000 1.000000 0.100000
0.729585 27.485239 5.000000 1.663532 -0.340897 0.000000 0.000000 0.000000 -0.052602 0.500000 1.000000 0.100000
1.729578 27.478111 5.000000 1.649274 -0.273814 0.000000 0.000000 0.000000 0.121874 0.500000 1.000000 0.100000
2.729653 27.473422 5.000000 1.664699 -0.205590 0.000000 0.000000 0.000000 0.007300 0.500000 1.000000 0.100000
3.717891 27.320680 5.000000 1.676110 -0.147830 0.000000 0.000000 0.000000 0.031095 0.500000 1.000000 0.100000
4.705444 27.158321 5.000000 1.675249 -0.146421 0.000000 0.000000 0.000000 -0.033654 0.500000 1.000000 0.100000
5.865377 26.805667 5.000000 1.919516 -0.541746 0.000000 0.000000 0.000000 -0.204675 0.500000 1.000000 0.100000
7.201676 25.683151 5.000000 1.931337 -0.523523 0.000000 0.000000 0.000000 0.061283 0.500000 1.000000 0.100000
8.829311 26.273748 5.000000 1.909996 -0.714816 0.000000 0.000000 0.000000 -0.239020 0.500000 1.000000 0.100000
9.818785 26.106477 5.000000 1.944077 -0.829869 0.000000 0.000000 0.000000 0.236377 0.500000 1.000000 0.100000
11.440444 26.698488 5.000000 1.980781 -0.608700 0.000000 0.000000 0.000000 0.138693 0.500000 1.000000 0.100000
12.719251 28.247461 5.000000 2.012135 -0.557077 0.000000 0.000000 0.000000 0.161453 0.500000 1.000000 0.100000
13.705857 28.083058 5.000000 1.977653 -0.603794 0.000000 0.000000 0.000000 -0.186432 0.500000 1.000000 0.100000
14.676394 28.328289 5.000000 2.015136 -0.611759 0.000000 0.000000 0.000000 0.162677 0.500000 1.000000 0.100000
15.662141 28.157366 5.000000 2.013518 -0.610773 0.000000 0.000000 0.000000 -0.232870 0.500000 1.000000 0.100000
16.645649 27.975758 5.000000 2.031970 -0.624763 0.000000 0.000000 0.000000 0.532643 0.500000 1.000000 0.100000
17.400091 28.636886 5.000000 1.676446 -0.186291 0.000000 0.000000 0.000000 -0.099381 0.500000 1.000000 0.100000
18.386881 28.471091 5.000000 1.682723 -0.152120 0.000000 0.000000 0.000000 0.043750 0.500000 1.000000 0.100000
19.387998 28.444980 5.000000 1.681271 -0.324123 0.000000 0.000000 0.000000 -0.122796 0.500000 1.000000 0.100000
0.389202 28.425993 5.000000 1.676438 -0.301163 0.000000 0.000000 0.000000 0.001253 0.500000 1.000000 0.100000
1.389517 28.418881 5.000000 1.679968 -0.293475 0.000000 0.000000 0.000000 -0.089717 0.500000 1.000000 0.100000
2.390519 28.414224 5.000000 1.702846 -0.218961 0.000000 0.000000 0.000000 -0.034747 0.500000 1.000000 0.100000
3.380983 28.264419 5.000000 1.712842 -0.129175 0.000000 0.000000 0.000000 0.001703 0.500000 1.000000 0.100000
4.367640 28.099586 5.000000 1.703853 -0.121082 0.000000 0.000000 0.000000 -0.029991 0.500000 1.000000 0.100000
5.510974 27.752343 5.000000 1.930063 -0.488880 0.000000 0.000000 0.000000 -0.329406 0.500000 1.000000 0.100000
6.859515 26.628447 5.000000 1.951219 -0.526348 0.000000 0.000000 0.000000 0.138843 0.500000 1.000000 0.100000
7.845025 26.450518 5.000000 1.880101 -0.681440 0.000000 0.000000 0.000000 -0.173836 0.500000 1.000000 0.100000
9.469161 27.050254 5.000000 1.886091 -0.843760 0.000000 0.000000 0.000000 -0.102347 0.500000 1.000000 0.100000
10.457506 26.887304 5.000000 1.914130 -0.827791 0.000000 0.000000 0.000000 0.161349 0.500000 1.000000 0.100000
12.082640 27.476166 5.000000 2.054836 -0.608010 0.000000 0.000000 0.000000 0.100462 0.500000 1.000000 0.100000
13.356199 29.023282 5.000000 1.934582 -0.604129 0.000000 0.000000 0.000000 0.038534 0.500000 1.000000 0.100000
14.316850 29.304285 5.000000 1.993805 -0.526774 0.000000 0.000000 0.000000 0.076785 0.500000 1.000000 0.100000
15.299103 29.112579 5.000000 2.009557 -0.580865 0.000000 0.000000 0.000000 -0.217006 0.500000 1.000000 0.100000
16.285441 28.940347 5.000000 1.910466 -0.535510 0.000000 0.000000 0.000000 0.496927 0.500000 1.000000 0.100000
17.058702 29.577038 5.000000 1.677371 -0.173917 0.000000 0.000000 0.000000 0.088736 0.500000 1.000000 0.100000
18.047411 29.411739 5.000000 1.716536 -0.238547 0.000000 0.000000 0.000000 -0.026425 0.500000 1.000000 0.100000
19.047959 29.387401 5.000000 1.705754 -0.327531 0.000000 0.000000 0.000000 0.043018 0.500000 1.000000 0.100000
0.048374 29.366250 5.000000 1.723695 -0.291564 0.000000 0.000000 0.000000 -0.067480 0.500000 1.000000 0.100000
1.049046 29.359114 5.000000 1.745458 -0.247074 0.000000 0.000000 0.000000 0.038339 0.500000 1.000000 0.100000
2.049700 29.354592 5.000000 1.703918 -0.204225 0.000000 0.000000 0.000000 -0.001463 0.500000 1.000000 0.100000
3.038700 29.204067 5.000000 1.664935 -0.129554 0.000000 0.000000 0.000000 0.003688 0.500000 1.000000 0.100000
4.026184 29.039433 5.000000 1.702798 -0.158458 0.000000 0.000000 0.000000 -0.037185 0.500000 1.000000 0.100000
5.164664 28.704328 5.000000 1.925490 -0.478107 0.000000 0.000000 0.000000 -0.237273 0.500000 1.000000 0.100000
6.510019 27.570732 5.000000 1.891147 -0.489431 0.000000 0.000000 0.000000 0.074802 0.500000 1.000000 0.100000
7.498442 27.397745 5.000000 1.967769 -0.561216 0.000000 0.000000 0.000000 -0.141867 0.500000 1.000000 0.100000
8.483396 27.220220 5.000000 2.056341 -0.604213 0.000000 0.000000 0.000000 -0.023777 0.500000 1.000000 0.100000
10.113182 27.827511 5.000000 1.980595 -0.855127 0.000000 0.000000 0.000000 -0.151979 0.500000 1.000000 0.100000
11.100482 27.663389 5.000000 1.984769 -0.826041 0.000000 0.000000 0.000000 0.223884 0.500000 1.000000 0.100000
11.738411 28.442126 5.000000 2.050940 -0.831079 0.000000 0.000000 0.000000 0.117719 0.500000 1.000000 0.100000
12.374829 29.223298 5.000000 1.966978 -0.743337 0.000000 0.000000 0.000000 0.222774 0.500000 1.000000 0.100000
13.394124 30.022837 5.000000 1.753009 -0.599206 0.000000 0.000000 0.000000 0.299404 0.500000 1.000000 0.100000
14.937942 30.092132 5.000000 2.057743 -0.706142 0.000000 0.000000 0.000000 -0.474429 0.500000 1.000000 0.100000
15.927045 29.891217 5.000000 1.925670 -0.471576 0.000000 0.000000 0.000000 0.348948 0.500000 1.000000 0.100000
16.713197 30.515338 5.000000 1.711706 -0.239856 0.000000 0.000000 0.000000 -0.108621 0.500000 1.000000 0.100000
17.700142 30.349455 5.000000 1.676604 -0.203634 0.000000 0.000000 0.000000 0.018518 0.500000 1.000000 0.100000
18.702715 30.325977 5.000000 1.691393 -0.320042 0.000000 0.000000 0.000000 -0.011709 0.500000 1.000000 0.100000
19.702727 30.304689 5.000000 1.710099 -0.301280 0.000000 0.000000 0.000000 0.126947 0.500000 1.000000 0.100000
0.703976 30.298798 5.000000 1.695551 -0.267669 0.000000 0.000000 0.000000 0.014526 0.500000 1.000000 0.100000
1.704036 30.293790 5.000000 1.697462 -0.208039 0.000000 0.000000 0.000000 0.018713 0.500000 1.000000 0.100000
2.696546 30.145055 5.000000 1.689044 -0.127345 0.000000 0.000000 0.000000 -0.049629 0.500000 1.000000 0.100000
3.684438 29.979545 5.000000 1.721824 -0.142533 0.000000 0.000000 0.000000 0.046751 0.500000 1.000000 0.100000
4.822556 29.644214 5.000000 1.938824 -0.433058 0.000000 0.000000 0.000000 -0.111021 0.500000 1.000000 0.100000
6.160959 28.513382 5.000000 1.990644 -0.517116 0.000000 0.000000 0.000000 0.188487 0.500000 1.000000 0.100000
7.151745 28.340496 5.000000 1.975474 -0.532900 0.000000 0.000000 0.000000 -0.018954 0.500000 1.000000 0.100000
8.137394 28.167169 5.000000 1.835000 -0.728062 0.000000 0.000000 0.000000 -0.264308 0.500000 1.000000 0.100000
9.126485 27.990836 5.000000 1.978099 -0.828215 0.000000 0.000000 0.000000 0.136158 0.500000 1.000000 0.100000
10.751543 28.604743 5.000000 1.956581 -0.813520 0.000000 0.000000 0.000000 -0.128592 0.500000 1.000000 0.100000
11.373508 29.389554 5.000000 1.904033 -0.747843 0.000000 0.000000 0.000000 -0.029669 0.500000 1.000000 0.100000
12.802442 30.853469 5.000000 1.653070 -0.484353 0.000000 0.000000 0.000000 -0.165376 0.500000 1.000000 0.100000
14.063116 30.769511 5.000000 1.850886 -0.650211 0.000000 0.000000 0.000000 -0.579494 0.500000 1.000000 0.100000
15.536791 30.897490 5.000000 2.082327 -0.622408 0.000000 0.000000 0.000000 0.615796 0.500000 1.000000 0.100000
16.370561 31.454665 5.000000 1.719134 -0.156174 0.000000 0.000000 0.000000 -0.040391 0.500000 1.000000 0.100000
17.356516 31.288609 5.000000 1.833289 -0.157411 0.000000 0.000000 0.000000 -0.072147 0.500000 1.000000 0.100000
18.359806 31.265460 5.000000 1.672242 -0.298628 0.000000 0.000000 0.000000 0.025654 0.500000 1.000000 0.100000
19.369070 31.247659 5.000000 1.733961 -0.285676 0.000000 0.000000 0.000000 -0.206287 0.500000 1.000000 0.100000
0.370853 31.242555 5.000000 1.661230 -0.272412 0.000000 0.000000 0.000000 -0.099004 0.500000 1.000000 0.100000
1.374986 31.238998 5.000000 1.700181 -0.189885 0.000000 0.000000 0.000000 -0.049093 0.500000 1.000000 0.100000
2.364795 31.088723 5.000000 1.705266 -0.129901 0.000000 0.000000 0.000000 0.133057 0.500000 1.000000 0.100000
3.353384 30.923628 5.000000 1.716376 -0.166721 0.000000 0.000000 0.000000 -0.130291 0.500000 1.000000 0.100000
4.478906 30.587498 5.000000 1.952422 -0.419460 0.000000 0.000000 0.000000 -0.033858 0.500000 1.000000 0.100000
5.821012 29.459430 5.000000 1.978958 -0.472324 0.000000 0.000000 0.000000 -0.039832 0.500000 1.000000 0.100000
6.805962 29.280394 5.000000 1.981194 -0.516282 0.000000 0.000000 0.000000 -0.201271 0.500000 1.000000 0.100000
7.792741 29.109740 5.000000 1.988674 -0.816471 0.000000 0.000000 0.000000 -0.095689 0.500000 1.000000 0.100000
8.778309 28.939143 5.000000 1.957053 -0.634660 0.000000 0.000000 0.000000 -0.109129 0.500000 1.000000 0.100000
9.764230 28.768480 5.000000 1.963483 -0.792046 0.000000 0.000000 0.000000 0.108624 0.500000 1.000000 0.100000
11.064903 30.349998 5.000000 1.813772 -0.732724 0.000000 0.000000 0.000000 0.087143 0.500000 1.000000 0.100000
12.051731 30.170800 5.000000 1.856844 -0.826781 0.000000 0.000000 0.000000 -0.260819 0.500000 1.000000 0.100000
12.527436 31.816536 5.000000 1.809624 -0.517015 0.000000 0.000000 0.000000 -0.218495 0.500000 1.000000 0.100000
13.533449 31.621176 5.000000 1.739573 -0.761192 0.000000 0.000000 0.000000 -0.470338 0.500000 1.000000 0.100000
14.741567 31.504092 5.000000 2.044250 -0.806666 0.000000 0.000000 0.000000 0.139913 0.500000 1.000000 0.100000
15.574094 32.059489 5.000000 1.577234 -0.281735 0.000000 0.000000 0.000000 0.494195 0.500000 1.000000 0.100000
16.997727 32.234797 5.000000 1.870617 -0.178830 0.000000 0.000000 0.000000 0.009019 0.500000 1.000000 0.100000
17.997669 32.199641 5.000000 1.860380 -0.204741 0.000000 0.000000 0.000000 -0.108068 0.500000 1.000000 0.100000
18.997934 32.176957 5.000000 1.878570 -0.227146 0.000000 0.000000 0.000000 0.046614 0.500000 1.000000 0.100000
19.998636 32.173420 5.000000 1.854081 -0.144117 0.000000 0.000000 0.000000 -0.043389 0.500000 1.000000 0.100000
0.998854 32.165861 5.000000 1.881888 -0.125321 0.000000 0.000000 0.000000 -0.063747 0.500000 1.000000 0.100000
2.016094 32.026284 5.000000 1.662602 -0.136446 0.000000 0.000000 0.000000 -0.061909 0.500000 1.000000 0.100000
3.011276 31.864008 5.000000 1.735278 -0.139675 0.000000 0.000000 0.000000 0.042728 0.500000 1.000000 0.100000
4.143716 31.537130 5.000000 1.958329 -0.369491 0.000000 0.000000 0.000000 -0.209609 0.500000 1.000000 0.100000
5.471118 30.406022 5.000000 1.977098 -0.461352 0.000000 0.000000 0.000000 0.059037 0.500000 1.000000 0.100000
6.467426 30.225107 5.000000 1.955100 -0.462255 0.000000 0.000000 0.000000 0.116434 0.500000 1.000000 0.100000
7.453710 30.052375 5.000000 1.913744 -0.722325 0.000000 0.000000 0.000000 -0.153732 0.500000 1.000000 0.100000
9.388464 29.735131 5.000000 1.940633 -0.790857 0.000000 0.000000 0.000000 0.077388 0.500000 1.000000 0.100000
10.375795 29.575581 5.000000 1.972035 -0.720509 0.000000 0.000000 0.000000 0.067173 0.500000 1.000000 0.100000
10.765622 31.305759 5.000000 1.842231 -0.737813 0.000000 0.000000 0.000000 -0.191662 0.500000 1.000000 0.100000
11.755848 31.127777 5.000000 1.910273 -0.782478 0.000000 0.000000 0.000000 0.395362 0.500000 1.000000 0.100000
13.353947 32.614836 5.000000 2.126083 -0.614214 0.000000 0.000000 0.000000 0.224117 0.500000 1.000000 0.100000
14.335713 32.418156 5.000000 2.189109 -0.600293 0.000000 0.000000 0.000000 -0.489141 0.500000 1.000000 0.100000
15.168955 32.973773 5.000000 1.829832 -0.223619 0.000000 0.000000 0.000000 -0.773391 0.500000 1.000000 0.100000
16.208196 32.851275 5.000000 1.826763 -0.320538 0.000000 0.000000 0.000000 0.160603 0.500000 1.000000 0.100000
17.529840 33.084319 5.000000 1.914405 -0.225578 0.000000 0.000000 0.000000 -0.159361 0.500000 1.000000 0.100000
18.529588 33.064321 5.000000 1.936612 -0.154492 0.000000 0.000000 0.000000 0.005364 0.500000 1.000000 0.100000
19.531252 33.058989 5.000000 1.973033 -0.123326 0.000000 0.000000 0.000000 0.103402 0.500000 1.000000 0.100000
0.547553 33.058135 5.000000 1.958249 -0.097794 0.000000 0.000000 0.000000 0.268578 0.500000 1.000000 0.100000
1.620124 32.950922 5.000000 1.792301 -0.064195 0.000000 0.000000 0.000000 0.210247 0.500000 1.000000 0.100000
2.657223 32.799429 5.000000 1.715003 -0.124205 0.000000 0.000000 0.000000 0.070889 0.500000 1.000000 0.100000
3.799843 32.482793 5.000000 1.924232 -0.404417 0.000000 0.000000 0.000000 -0.066112 0.500000 1.000000 0.100000
5.127919 31.350954 5.000000 1.947208 -0.468358 0.000000 0.000000 0.000000 0.027938 0.500000 1.000000 0.100000
6.124946 31.166453 5.000000 1.950960 -0.465957 0.000000 0.000000 0.000000 -0.130515 0.500000 1.000000 0.100000
7.115595 31.003968 5.000000 1.957107 -0.806467 0.000000 0.000000 0.000000 -0.027468 0.500000 1.000000 0.100000
8.105723 30.856287 5.000000 1.959163 -0.788595 0.000000 0.000000 0.000000 0.076028 0.500000 1.000000 0.100000
9.092642 30.694159 5.000000 1.975653 -0.752376 0.000000 0.000000 0.000000 -0.072740 0.500000 1.000000 0.100000
10.081755 30.532318 5.000000 1.904556 -0.801408 0.000000 0.000000 0.000000 -0.002185 0.500000 1.000000 0.100000
11.491327 32.094001 5.000000 1.998828 -0.715460 0.000000 0.000000 0.000000 -0.649354 0.500000 1.000000 0.100000
12.359370 32.804228 5.000000 2.081128 -0.394154 0.000000 0.000000 0.000000 -0.359161 0.500000 1.000000 0.100000
13.172577 33.601744 5.000000 1.998920 -0.629708 0.000000 0.000000 0.000000 -0.774558 0.500000 1.000000 0.100000
14.176650 33.405907 5.000000 2.021321 -0.699726 0.000000 0.000000 0.000000 0.426081 0.500000 1.000000 0.100000
15.065288 33.969175 5.000000 2.070202 -0.252491 0.000000 0.000000 0.000000 0.397021 0.500000 1.000000 0.100000
16.062818 33.841392 5.000000 2.129427 -0.276688 0.000000 0.000000 0.000000 -0.431304 0.500000 1.000000 0.100000
17.054478 33.964604 5.000000 2.043147 -0.245302 0.000000 0.000000 0.000000 0.360065 0.500000 1.000000 0.100000
18.057307 33.962245 5.000000 1.849232 -0.245983 0.000000 0.000000 0.000000 0.057819 0.500000 1.000000 0.100000
19.058832 33.942958 5.000000 1.871135 -0.123393 0.000000 0.000000 0.000000 0.037374 0.500000 1.000000 0.100000
0.062648 33.933015 5.000000 1.945278 -0.114868 0.000000 0.000000 0.000000 -0.143846 0.500000 1.000000 0.100000
1.173370 33.854302 5.000000 1.915581 0.018577 0.000000 0.000000 0.000000 -0.071349 0.500000 1.000000 0.100000
2.261226 33.719162 5.000000 1.788619 -0.121244 0.000000 0.000000 0.000000 -0.321186 0.500000 1.000000 0.100000
4.790833 32.299998 5.000000 1.988932 -0.464569 0.000000 0.000000 0.000000 0.142305 0.500000 1.000000 0.100000
5.790510 32.109345 5.000000 1.902111 -0.489360 0.000000 0.000000 0.000000 0.294992 0.500000 1.000000 0.100000
6.797132 31.955967 5.000000 1.929686 -0.802076 0.000000 0.000000 0.000000 0.038979 0.500000 1.000000 0.100000
7.803317 31.855100 5.000000 1.860596 -0.712260 0.000000 0.000000 0.000000 -0.023141 0.500000 1.000000 0.100000
8.791217 31.678770 5.000000 1.951831 -0.757193 0.000000 0.000000 0.000000 -0.046178 0.500000 1.000000 0.100000
9.782871 31.515978 5.000000 1.920119 -0.750114 0.000000 0.000000 0.000000 0.036638 0.500000 1.000000 0.100000
10.488738 32.268689 5.000000 1.927639 -0.709880 0.000000 0.000000 0.000000 -0.139993 0.500000 1.000000 0.100000
11.419383 33.148585 5.000000 2.123595 -0.574492 0.000000 0.000000 0.000000 0.397218 0.500000 1.000000 0.100000
12.207533 33.873061 5.000000 2.020918 -0.590646 0.000000 0.000000 0.000000 0.346887 0.500000 1.000000 0.100000
14.215812 34.502602 5.000000 1.717367 -0.538176 0.000000 0.000000 0.000000 0.101588 0.500000 1.000000 0.100000
15.429298 34.910434 5.000000 2.371383 -0.533828 0.000000 0.000000 0.000000 -0.843690 0.500000 1.000000 0.100000
16.499719 34.796538 5.000000 2.138762 -0.320147 0.000000 0.000000 0.000000 -0.775088 0.500000 1.000000 0.100000
17.540979 34.904241 5.000000 2.202119 -0.319713 0.000000 0.000000 0.000000 -0.335813 0.500000 1.000000 0.100000
18.548907 34.868063 5.000000 2.240779 -0.373966 0.000000 0.000000 0.000000 0.099768 0.500000 1.000000 0.100000
19.548170 34.821858 5.000000 2.237516 -0.331818 0.000000 0.000000 0.000000 -0.221426 0.500000 1.000000 0.100000
0.551517 34.808643 5.000000 2.228215 -0.275610 0.000000 0.000000 0.000000 0.005356 0.500000 1.000000 0.100000
1.553653 34.787128 5.000000 2.210688 -0.339431 0.000000 0.000000 0.000000 0.123408 0.500000 1.000000 0.100000
2.547921 34.677511 5.000000 2.285205 -0.269975 0.000000 0.000000 0.000000 -0.299709 0.500000 1.000000 0.100000
3.461874 33.433309 5.000000 1.948822 -0.345297 0.000000 0.000000 0.000000 -0.090404 0.500000 1.000000 0.100000
4.454334 33.241858 5.000000 1.932441 -0.446285 0.000000 0.000000 0.000000 -0.157970 0.500000 1.000000 0.100000
5.451944 33.052151 5.000000 2.037290 -0.447344 0.000000 0.000000 0.000000 -0.320761 0.500000 1.000000 0.100000
6.468462 32.902907 5.000000 1.929812 -0.784902 0.000000 0.000000 0.000000 -0.141420 0.500000 1.000000 0.100000
7.466491 32.836399 5.000000 1.957596 -0.701765 0.000000 0.000000 0.000000 -0.145755 0.500000 1.000000 0.100000
8.456774 32.661914 5.000000 1.941375 -0.713577 0.000000 0.000000 0.000000 -0.114672 0.500000 1.000000 0.100000
9.475368 32.481919 5.000000 1.957079 -0.719311 0.000000 0.000000 0.000000 -0.157041 0.500000 1.000000 0.100000
10.427564 33.299028 5.000000 1.996681 -0.662053 0.000000 0.000000 0.000000 -0.074829 0.500000 1.000000 0.100000
11.912453 34.842881 5.000000 2.164074 -0.332388 0.000000 0.000000 0.000000 -0.312809 0.500000 1.000000 0.100000
12.918951 34.579710 5.000000 2.168876 -0.501721 0.000000 0.000000 0.000000 0.189977 0.500000 1.000000 0.100000
13.620252 35.307490 5.000000 2.159196 -1.122776 0.000000 0.000000 0.000000 0.134098 0.500000 1.000000 0.100000
16.132454 35.728424 5.000000 2.328454 -0.077747 0.000000 0.000000 0.000000 0.461042 0.500000 1.000000 0.100000
17.153102 35.870758 5.000000 2.307082 -0.289245 0.000000 0.000000 0.000000 0.017371 0.500000 1.000000 0.100000
17.599354 36.776379 5.000000 2.277883 -0.188059 0.000000 0.000000 0.000000 0.150814 0.500000 1.000000 0.100000
18.196208 35.812251 5.000000 2.358407 -0.348565 0.000000 0.000000 0.000000 -0.176750 0.500000 1.000000 0.100000
19.226947 35.770414 5.000000 2.364964 -0.338174 0.000000 0.000000 0.000000 -0.277214 0.500000 1.000000 0.100000
0.238482 35.759806 5.000000 2.248419 -0.243142 0.000000 0.000000 0.000000 -0.311466 0.500000 1.000000 0.100000
1.240175 35.739766 5.000000 2.275501 -0.101091 0.000000 0.000000 0.000000 -0.244398 0.500000 1.000000 0.100000
2.240705 35.648385 5.000000 2.216857 -0.245443 0.000000 0.000000 0.000000 -0.229725 0.500000 1.000000 0.100000
3.526150 34.438099 5.000000 2.133436 -0.305674 0.000000 0.000000 0.000000 -0.135010 0.500000 1.000000 0.100000
4.512075 34.241453 5.000000 2.138173 -0.414928 0.000000 0.000000 0.000000 -0.233361 0.500000 1.000000 0.100000
5.494191 34.051509 5.000000 2.094681 -0.441906 0.000000 0.000000 0.000000 0.015246 0.500000 1.000000 0.100000
6.489656 33.941355 5.000000 2.142814 -0.695023 0.000000 0.000000 0.000000 -0.303080 0.500000 1.000000 0.100000
7.486960 33.859426 5.000000 2.134525 -0.644533 0.000000 0.000000 0.000000 0.392039 0.500000 1.000000 0.100000
8.484874 33.779833 5.000000 2.064206 -0.491206 0.000000 0.000000 0.000000 -0.151871 0.500000 1.000000 0.100000
9.457220 33.546199 5.000000 2.143659 -0.624456 0.000000 0.000000 0.000000 -0.085500 0.500000 1.000000 0.100000
11.187157 34.123416 5.000000 2.298168 -0.517095 0.000000 0.000000 0.000000 -0.322746 0.500000 1.000000 0.100000
11.623138 35.825869 5.000000 2.145294 -0.290770 0.000000 0.000000 0.000000 0.307961 0.500000 1.000000 0.100000
12.642456 35.541752 5.000000 1.892292 -0.681987 0.000000 0.000000 0.000000 -0.340431 0.500000 1.000000 0.100000
13.358541 36.276186 5.000000 2.022325 -0.516594 0.000000 0.000000 0.000000 -0.035335 0.500000 1.000000 0.100000
14.611531 35.534030 5.000000 2.121949 -0.699813 0.000000 0.000000 0.000000 0.674915 0.500000 1.000000 0.100000
15.324434 36.325495 5.000000 1.981591 -0.379584 0.000000 0.000000 0.000000 0.222921 0.500000 1.000000 0.100000
16.574795 36.809644 5.000000 2.260905 -0.159192 0.000000 0.000000 0.000000 -0.205188 0.500000 1.000000 0.100000
18.764493 36.658219 5.000000 2.389685 -0.352210 0.000000 0.000000 0.000000 0.418096 0.500000 1.000000 0.100000
19.792576 36.661051 5.000000 2.489934 -0.269054 0.000000 0.000000 0.000000 0.284287 0.500000 1.000000 0.100000
0.982031 36.759382 5.000000 2.355440 -0.238434 0.000000 0.000000 0.000000 0.116472 0.500000 1.000000 0.100000
1.981116 36.698351 5.000000 2.361416 -0.195348 0.000000 0.000000 0.000000 -0.107703 0.500000 1.000000 0.100000
3.222967 35.418611 5.000000 2.271287 -0.219332 0.000000 0.000000 0.000000 0.027228 0.500000 1.000000 0.100000
4.212549 35.196115 5.000000 2.265125 -0.356449 0.000000 0.000000 0.000000 -0.107088 0.500000 1.000000 0.100000
5.201931 35.010779 5.000000 2.357466 -0.312109 0.000000 0.000000 0.000000 -0.315490 0.500000 1.000000 0.100000
6.234908 34.928327 5.000000 2.234219 -0.686498 0.000000 0.000000 0.000000 0.260236 0.500000 1.000000 0.100000
7.238063 34.876543 5.000000 2.187870 -0.564730 0.000000 0.000000 0.000000 0.035796 0.500000 1.000000 0.100000
8.248056 34.758841 5.000000 2.280652 -0.565114 0.000000 0.000000 0.000000 0.005230 0.500000 1.000000 0.100000
9.222786 34.518869 5.000000 2.259037 -0.616951 0.000000 0.000000 0.000000 -0.085869 0.500000 1.000000 0.100000
10.197952 34.279408 5.000000 2.217586 -0.643916 0.000000 0.000000 0.000000 0.036287 0.500000 1.000000 0.100000
10.904875 35.096513 5.000000 2.319642 -0.515861 0.000000 0.000000 0.000000 0.162352 0.500000 1.000000 0.100000
11.427307 36.814133 5.000000 2.294216 -0.321260 0.000000 0.000000 0.000000 0.048044 0.500000 1.000000 0.100000
12.385273 36.514468 5.000000 2.112410 -0.452943 0.000000 0.000000 0.000000 -0.000700 0.500000 1.000000 0.100000
15.121070 37.331024 5.000000 2.193874 -0.346194 0.000000 0.000000 0.000000 -0.374174 0.500000 1.000000 0.100000
14.339253 36.525402 5.000000 2.108943 -0.528967 0.000000 0.000000 0.000000 -0.525745 0.500000 1.000000 0.100000
16.146848 37.719350 5.000000 2.261797 -0.141549 0.000000 0.000000 0.000000 0.188452 0.500000 1.000000 0.100000
17.167283 37.743391 5.000000 2.307697 -0.123438 0.000000 0.000000 0.000000 -0.075360 0.500000 1.000000 0.100000
18.231943 37.641647 5.000000 2.371970 -0.185411 0.000000 0.000000 0.000000 -0.460634 0.500000 1.000000 0.100000
0.530698 37.652342 5.000000 2.478325 -0.256276 0.000000 0.000000 0.000000 0.047709 0.500000 1.000000 0.100000
2.022212 37.763861 5.000000 2.571268 -0.196942 0.000000 0.000000 0.000000 -0.119605 0.500000 1.000000 0.100000
3.213711 37.348684 5.000000 2.789252 -0.322563 0.000000 0.000000 0.000000 -0.491309 0.500000 1.000000 0.100000
2.939672 36.381636 5.000000 2.360039 -0.137744 0.000000 0.000000 0.000000 -0.164337 0.500000 1.000000 0.100000
3.917503 36.152968 5.000000 2.359730 -0.328127 0.000000 0.000000 0.000000 -0.088882 0.500000 1.000000 0.100000
4.909732 35.985305 5.000000 2.298404 -0.672608 0.000000 0.000000 0.000000 0.068869 0.500000 1.000000 0.100000
5.933203 36.089022 5.000000 2.314552 -0.598108 0.000000 0.000000 0.000000 -0.144039 0.500000 1.000000 0.100000
6.902797 35.827238 5.000000 2.565367 -0.717853 0.000000 0.000000 0.000000 0.041230 0.500000 1.000000 0.100000
7.926480 35.742355 5.000000 2.299584 -0.548127 0.000000 0.000000 0.000000 0.188853 0.500000 1.000000 0.100000
8.935132 35.655175 5.000000 2.504219 -0.743336 0.000000 0.000000 0.000000 -0.099864 0.500000 1.000000 0.100000
9.906611 35.352543 5.000000 2.328313 -0.546294 0.000000 0.000000 0.000000 -0.306290 0.500000 1.000000 0.100000
10.632752 37.479589 5.000000 2.243716 -0.214704 0.000000 0.000000 0.000000 0.488126 0.500000 1.000000 0.100000
12.127394 37.589632 5.000000 2.419468 -0.113825 0.000000 0.000000 0.000000 -0.361218 0.500000 1.000000 0.100000
14.105959 37.510369 5.000000 2.192798 -0.601879 0.000000 0.000000 0.000000 -0.136692 0.500000 1.000000 0.100000
14.816491 38.691078 5.000000 2.632294 -0.147045 0.000000 0.000000 0.000000 0.008325 0.500000 1.000000 0.100000
15.873484 38.724826 5.000000 2.365427 -0.087354 0.000000 0.000000 0.000000 -0.090135 0.500000 1.000000 0.100000
16.986601 38.764343 5.000000 2.462884 -0.037266 0.000000 0.000000 0.000000 -0.003783 0.500000 1.000000 0.100000
18.072690 38.767703 5.000000 2.536669 -0.040206 0.000000 0.000000 0.000000 -0.216726 0.500000 1.000000 0.100000
19.238930 37.603926 5.000000 2.420874 -0.205762 0.000000 0.000000 0.000000 0.501854 0.500000 1.000000 0.100000
0.422070 38.650115 5.000000 2.520543 -0.219600 0.000000 0.000000 0.000000 -0.059378 0.500000 1.000000 0.100000
3.359401 38.540521 5.000000 2.582327 -0.716420 0.000000 0.000000 0.000000 -0.380199 0.500000 1.000000 0.100000
4.120883 37.889565 5.000000 2.804692 -0.438064 0.000000 0.000000 0.000000 0.149851 0.500000 1.000000 0.100000
4.506036 36.965616 5.000000 2.699939 -0.514691 0.000000 0.000000 0.000000 -0.462121 0.500000 1.000000 0.100000
5.510823 37.005745 5.000000 2.762888 -0.429376 0.000000 0.000000 0.000000 0.244275 0.500000 1.000000 0.100000
6.518827 37.012501 5.000000 2.674250 -0.570043 0.000000 0.000000 0.000000 -0.075760 0.500000 1.000000 0.100000
7.538917 36.784086 5.000000 2.675562 -0.640458 0.000000 0.000000 0.000000 -0.049739 0.500000 1.000000 0.100000
8.581259 36.597489 5.000000 2.581109 -0.347234 0.000000 0.000000 0.000000 -0.050940 0.500000 1.000000 0.100000
9.741915 36.749444 5.000000 2.716471 -0.413836 0.000000 0.000000 0.000000 -0.045947 0.500000 1.000000 0.100000
9.618883 37.894798 5.000000 1.945297 -0.502325 0.000000 0.000000 0.000000 -0.150722 0.500000 1.000000 0.100000
10.563377 36.158079 5.000000 2.526779 -1.040358 0.000000 0.000000 0.000000 0.087551 0.500000 1.000000 0.100000
11.211487 38.365938 5.000000 2.211706 -0.118212 0.000000 0.000000 0.000000 -0.321769 0.500000 1.000000 0.100000
12.618914 38.474541 5.000000 2.066118 -0.632383 0.000000 0.000000 0.000000 -0.051287 0.500000 1.000000 0.100000
13.083701 37.242407 5.000000 2.094681 -0.483851 0.000000 0.000000 0.000000 -0.087026 0.500000 1.000000 0.100000
13.817315 38.641569 5.000000 2.337530 -0.427663 0.000000 0.000000 0.000000 0.523354 0.500000 1.000000 0.100000
